3.137467999999999890e-18
2.255373999999999937e-18
2.139996999999999707e-18
2.029328999999999766e-18
1.944559000000000023e-18
1.864637999999999630e-18
1.801171999999999894e-18
1.763406999999999849e-18
1.693543999999999977e-18
1.617549999999999917e-18
1.569180000000000035e-18
1.530953000000000007e-18
1.490058999999999861e-18
1.442887999999999929e-18
1.424079000000000040e-18
1.439620999999999791e-18
1.439202999999999898e-18
1.399256000000000045e-18
1.401558999999999908e-18
1.395495999999999843e-18
1.412959999999999799e-18
1.409509999999999828e-18
1.403828999999999897e-18
1.393755999999999766e-18
1.384978000000000096e-18
1.370314999999999938e-18
1.378206000000000068e-18
1.358914999999999945e-18
1.351672999999999987e-18
1.357269999999999905e-18
1.365374999999999947e-18
1.359692999999999926e-18
1.358340999999999943e-18
1.365033999999999827e-18
1.362037999999999893e-18
1.394669000000000094e-18
1.390620000000000001e-18
1.387948000000000012e-18
1.370551000000000088e-18
1.355552000000000065e-18
1.334434999999999864e-18
1.353532999999999837e-18
1.377440000000000006e-18
1.384143999999999913e-18
1.356911999999999995e-18
1.346648000000000085e-18
1.334338999999999930e-18
1.331744999999999804e-18
1.348137000000000016e-18
1.353715999999999862e-18
1.354372999999999788e-18
1.341781999999999984e-18
1.361451000000000075e-18
1.367775999999999924e-18
1.374217999999999855e-18
1.351106000000000035e-18
1.358327999999999934e-18
1.331434999999999764e-18
1.309631999999999927e-18
1.304489000000000047e-18
1.327195999999999983e-18
1.334476999999999967e-18
1.335159999999999912e-18
1.320323999999999855e-18
1.323766999999999968e-18
1.318331000000000030e-18
1.306745999999999834e-18
1.310588999999999960e-18
1.310529999999999874e-18
1.319729999999999795e-18
1.307703999999999956e-18
1.312142000000000040e-18
1.302485000000000007e-18
1.297208999999999959e-18
1.291485000000000027e-18
1.282734999999999977e-18
1.299380999999999835e-18
1.306958999999999849e-18
1.294643000000000030e-18
1.282067000000000028e-18
1.279490999999999974e-18
1.283688999999999934e-18
1.276791999999999877e-18
1.471812999999999758e-18
1.471233999999999886e-18
1.650017999999999959e-18
3.345008000000000251e-18
1.298901000000000050e-17
2.548734999999999866e-17
3.198609999999999653e-17
2.284193999999999757e-17
9.863321999999999015e-18
2.128382999999999994e-18
1.525757000000000000e-18
1.471150999999999961e-18
1.303053999999999753e-18
1.248332999999999812e-18
1.202853999999999894e-18
1.210470999999999936e-18
1.241951999999999953e-18
1.240258999999999850e-18
1.248178999999999882e-18
1.247353999999999926e-18
1.259018999999999972e-18
1.272082999999999782e-18
1.265704999999999807e-18
1.235623999999999836e-18
1.249157999999999959e-18
1.220225999999999889e-18
1.238066999999999916e-18
1.222283000000000054e-18
1.231213000000000052e-18
1.199756999999999963e-18
1.187732000000000021e-18
1.218747999999999788e-18
1.250842999999999924e-18
1.279121999999999849e-18
1.281316999999999859e-18
1.277314999999999932e-18
1.263029999999999935e-18
1.241521000000000052e-18
1.249137999999999901e-18
1.232513999999999896e-18
1.236093000000000060e-18
1.265234999999999878e-18
1.254993000000000013e-18
1.240532999999999938e-18
1.215818999999999886e-18
1.207765999999999880e-18
1.201276999999999975e-18
1.219395999999999871e-18
1.223715999999999976e-18
1.244130999999999878e-18
1.232795999999999930e-18
1.199500999999999947e-18
1.203570000000000098e-18
1.297182999999999941e-18
1.500321999999999873e-18
1.437875999999999844e-18
1.295507000000000012e-18
1.233736999999999878e-18
1.227827000000000038e-18
1.231498999999999867e-18
1.233927999999999849e-18
1.246648999999999937e-18
1.228908999999999906e-18
1.220143999999999861e-18
1.183433999999999962e-18
1.204303999999999990e-18
1.195418999999999979e-18
1.192774999999999995e-18
1.182659999999999953e-18
1.198133999999999968e-18
1.221103999999999970e-18
1.242557999999999933e-18
1.239407999999999876e-18
1.216229999999999922e-18
1.221677999999999972e-18
1.218833000000000084e-18
1.236974000000000025e-18
1.220703000000000060e-18
1.238866999999999942e-18
1.288620999999999978e-18
1.500357999999999825e-18
4.742129999999999587e-18
1.856052000000000175e-17
2.954372000000000352e-17
4.463975999999999673e-17
2.739092999999999574e-17
1.506744999999999758e-17
2.389431999999999952e-18
1.277026999999999938e-18
1.216584999999999948e-18
1.205846999999999944e-18
1.176808999999999814e-18
1.178630999999999919e-18
1.184727999999999949e-18
1.169638999999999951e-18
1.196847000000000030e-18
1.191170999999999776e-18
1.200237999999999915e-18
1.182084999999999862e-18
1.179346000000000034e-18
1.170304999999999914e-18
1.167789999999999931e-18
1.148852999999999937e-18
1.126817999999999923e-18
1.124337999999999995e-18
1.158564999999999890e-18
1.186045999999999967e-18
1.187818000000000022e-18
1.192479999999999759e-18
1.165367999999999999e-18
1.162589999999999951e-18
1.170092999999999988e-18
1.174595000000000027e-18
1.179237999999999988e-18
1.190752999999999884e-18
1.184131000000000005e-18
1.209121999999999836e-18
1.259269000000000028e-18
1.703809999999999680e-18
6.371870999999999488e-18
4.093740999999999732e-17
7.091260999999998863e-17
1.325183999999999989e-16
8.942770000000000063e-17
6.772835999999999265e-17
1.192109999999999891e-17
1.815091999999999740e-18
1.296584000000000010e-18
1.408565999999999805e-18
1.677535999999999884e-18
1.615722999999999942e-18
1.303557999999999839e-18
1.131222000000000042e-18
1.144847000000000037e-18
1.133324000000000002e-18
1.118599999999999964e-18
1.136811999999999910e-18
1.135229000000000032e-18
1.119485999999999992e-18
1.101607999999999924e-18
1.140182999999999929e-18
1.142983999999999919e-18
1.141403999999999924e-18
1.154833999999999975e-18
1.141837000000000005e-18
1.113962999999999963e-18
1.107646999999999958e-18
1.101294999999999809e-18
1.094586000000000032e-18
1.090705999999999865e-18
1.078329999999999870e-18
1.093136999999999833e-18
1.112337999999999982e-18
1.140507000000000067e-18
1.158183999999999846e-18
1.160547999999999974e-18
1.125005999999999944e-18
1.100841999999999862e-18
1.103937999999999896e-18
1.103163999999999887e-18
1.132929000000000052e-18
1.139423000000000019e-18
1.155331999999999909e-18
1.116062000000000040e-18
1.115336999999999992e-18
1.117543000000000025e-18
1.137814999999999827e-18
1.125471999999999900e-18
1.106377999999999899e-18
1.092196999999999975e-18
1.093624999999999833e-18
1.085549999999999975e-18
1.098606000000000030e-18
1.097649999999999895e-18
1.086271999999999947e-18
1.084936999999999946e-18
1.096899999999999918e-18
1.083388999999999929e-18
1.094617999999999817e-18
1.106791999999999819e-18
1.065846999999999918e-18
1.048842999999999959e-18
1.066051999999999988e-18
1.066283999999999972e-18
1.073727999999999923e-18
1.099708999999999854e-18
1.087907999999999951e-18
1.099165999999999934e-18
1.092621999999999917e-18
1.100633999999999909e-18
1.096189999999999866e-18
1.098331000000000045e-18
1.090070999999999790e-18
1.094471999999999834e-18
1.072388999999999949e-18
1.055312999999999894e-18
1.039282000000000052e-18
1.053468999999999937e-18
1.077822000000000003e-18
1.084560000000000067e-18
1.077405000000000007e-18
1.080215000000000033e-18
1.051924999999999893e-18
1.058654999999999818e-18
1.042596999999999869e-18
1.064679999999999754e-18
1.064371999999999894e-18
1.080374999999999923e-18
1.065524000000000063e-18
1.076464999999999957e-18
1.066688999999999856e-18
1.083506000000000011e-18
1.077541999999999955e-18
1.069430999999999953e-18
1.068450999999999978e-18
1.049295999999999905e-18
1.035965999999999954e-18
1.026115000000000067e-18
1.039455999999999848e-18
1.034692000000000025e-18
1.033512999999999941e-18
1.032576999999999864e-18
1.042225999999999950e-18
1.040405999999999832e-18
1.038624999999999933e-18
1.057608000000000004e-18
1.044581999999999940e-18
1.024328999999999913e-18
1.008540999999999886e-18
1.017276999999999837e-18
1.029780999999999936e-18
1.020755999999999902e-18
1.029183999999999993e-18
1.037809000000000014e-18
1.016379999999999787e-18
1.012288999999999976e-18
1.033246999999999992e-18
1.034901999999999965e-18
1.013637999999999883e-18
1.028553999999999981e-18
1.016741999999999863e-18
1.028634999999999920e-18
1.033153999999999942e-18
1.056136999999999952e-18
1.040716999999999961e-18
1.055424999999999913e-18
1.037848000000000041e-18
1.020912999999999908e-18
1.018969999999999941e-18
9.876275999999999370e-19
9.395264000000000238e-19
9.230933999999999896e-19
9.343523000000000337e-19
9.922111999999998916e-19
9.511794999999997927e-19
9.199474000000000989e-19
9.340706999999999196e-19
1.013354000000000055e-18
1.004415999999999918e-18
1.024169999999999921e-18
1.031270000000000060e-18
1.003851999999999849e-18
9.818158999999999096e-19
9.149115999999998457e-19
8.985733999999999845e-19
9.343773999999999906e-19
1.006062999999999944e-18
1.001795000000000069e-18
1.001877999999999993e-18
1.019274999999999917e-18
9.869513999999999852e-19
9.882123999999999048e-19
9.849455999999998229e-19
9.857831999999998669e-19
1.030421999999999970e-18
1.073024999999999920e-18
1.088131000000000092e-18
1.088623999999999963e-18
1.053392999999999869e-18
1.022471000000000050e-18
9.966159000000000157e-19
9.769329000000000181e-19
9.701346999999999151e-19
9.804229000000001050e-19
9.738073999999999418e-19
9.930614000000000244e-19
1.003285000000000089e-18
1.028936999999999820e-18
1.019270999999999944e-18
9.919674999999998795e-19
9.778991999999999788e-19
9.943203000000001217e-19
1.018865999999999868e-18
1.018837999999999863e-18
1.019741000000000065e-18
1.019072000000000027e-18
1.005765999999999914e-18
9.929468999999998776e-19
9.551956999999998746e-19
9.593018999999999306e-19
9.840328000000001293e-19
1.000896999999999929e-18
1.007940999999999866e-18
9.847306000000000132e-19
9.771839999999999997e-19
9.935048999999999866e-19
9.988778000000000299e-19
1.023597000000000008e-18
1.034283999999999873e-18
1.013238000000000062e-18
9.976254000000000333e-19
1.010428000000000036e-18
1.007925999999999871e-18
1.005893999999999826e-18
9.970345000000000776e-19
9.940686999999999990e-19
9.876694999999998196e-19
9.942601999999999182e-19
9.898905000000000407e-19
9.944634000000000574e-19
9.984378999999999279e-19
9.829153000000000657e-19
9.993333999999999398e-19
1.009732999999999980e-18
1.012799999999999919e-18
1.008614000000000071e-18
9.804017999999999288e-19
9.428861999999999633e-19
9.372574999999999603e-19
9.199939999999999597e-19
9.349408000000000826e-19
9.445175999999998251e-19
9.455243000000000156e-19
9.428941999999999097e-19
9.651795999999999005e-19
9.812428999999999975e-19
9.832304999999998389e-19
9.648150999999998899e-19
9.774229000000000055e-19
9.873973999999998825e-19
1.008791999999999840e-18
9.828818999999998853e-19
9.618855999999998470e-19
9.651930000000000225e-19
9.454940999999999678e-19
9.762781999999999702e-19
9.946531999999998821e-19
9.828395999999998897e-19
9.965833000000000611e-19
9.983093999999998750e-19
9.894745999999997778e-19
9.863764000000000865e-19
9.832693000000000023e-19
9.915366000000000061e-19
9.553969999999998629e-19
9.455594999999999336e-19
9.556348999999999716e-19
9.805354999999999083e-19
9.736837999999999234e-19
9.660299999999998972e-19
9.873320999999999450e-19
9.936371999999999562e-19
9.772689999999999111e-19
9.777414999999999677e-19
9.853719999999999673e-19
9.992426999999999608e-19
9.913183000000000355e-19
9.895853999999998435e-19
9.849193000000001052e-19
9.799730999999999058e-19
9.633886999999999049e-19
9.779174999999999427e-19
9.810084999999999134e-19
9.725050999999999237e-19
9.624101999999997756e-19
9.517544999999998840e-19
9.496615999999999882e-19
9.445591999999998157e-19
9.409045000000000535e-19
9.135197999999999946e-19
8.975110999999998973e-19
9.628746999999998859e-19
9.628494999999999009e-19
9.562944000000000258e-19
9.729501999999999522e-19
9.647789999999999105e-19
9.591298999999999288e-19
9.584274999999999024e-19
9.475573999999999851e-19
9.365311999999999305e-19
9.288454999999999545e-19
9.564339999999999368e-19
9.523129999999999416e-19
9.498517999999999257e-19
9.564950999999998448e-19
9.287698999999999994e-19
9.356038999999999971e-19
9.427496999999999641e-19
9.678415999999999561e-19
9.373018999999999706e-19
9.466804999999998292e-19
9.719173000000000723e-19
9.663321999999998538e-19
9.706161999999998150e-19
9.552885000000000610e-19
9.675003999999999722e-19
9.580564999999999835e-19
9.490710999999999527e-19
9.362978000000001287e-19
9.303918999999999050e-19
9.242659999999998088e-19
9.249445000000000244e-19
9.234823999999999804e-19
9.142814999999999988e-19
9.046206999999998568e-19
9.159582999999999604e-19
9.547326999999999950e-19
9.342830999999999586e-19
9.438579999999999353e-19
9.469175999999999048e-19
9.479776999999999489e-19
9.294974999999998183e-19
9.168389000000000049e-19
9.359305999999999339e-19
9.211876999999999551e-19
9.392811999999997811e-19
9.345463000000000806e-19
9.335668000000000544e-19
9.249623000000000398e-19
9.238621999999998788e-19
9.204748000000000473e-19
9.129258999999999626e-19
9.211433000000001374e-19
9.177561999999998128e-19
9.194311999999998443e-19
9.029976999999998616e-19
9.138518000000000788e-19
9.218258999999999692e-19
9.195274000000000272e-19
9.131315999999998444e-19
8.931090999999999572e-19
8.805282999999999494e-19
8.820596000000000685e-19
9.128386999999998157e-19
8.981788999999999825e-19
8.993954999999998917e-19
8.972988999999999147e-19
9.092544000000000820e-19
9.011360999999999454e-19
9.002103000000000501e-19
9.180549999999999656e-19
9.306011999999998396e-19
9.264011999999998928e-19
9.092051999999998727e-19
9.084145999999999949e-19
9.114119999999999386e-19
8.885319999999999109e-19
9.016205999999999216e-19
9.155906000000000098e-19
9.292209999999999877e-19
8.993214999999998103e-19
8.926283999999998979e-19
9.015173000000000463e-19
9.055909999999999833e-19
8.970157999999999551e-19
8.891456999999999449e-19
8.952790000000000107e-19
9.051056999999999740e-19
9.492608999999999700e-19
9.259819000000000186e-19
9.134920999999998818e-19
9.209276999999999657e-19
9.035869999999999437e-19
8.869553000000000771e-19
8.750133999999998957e-19
8.888495999999997836e-19
8.909546999999998480e-19
9.111611999999998490e-19
9.110178000000000213e-19
9.062814999999999258e-19
8.906466999999997954e-19
8.825020999999999412e-19
8.859819000000000388e-19
8.997484999999999313e-19
9.053950999999997854e-19
9.087881000000000415e-19
9.040233999999998284e-19
8.839351999999998908e-19
8.792558000000000589e-19
8.817997999999999430e-19
8.948345999999997945e-19
8.848083000000001300e-19
8.953235999999998849e-19
9.022148000000000382e-19
8.881565000000000704e-19
8.866080999999999408e-19
8.912095999999999390e-19
8.669663999999999454e-19
8.638927999999999735e-19
8.622503999999999929e-19
8.866563000000000604e-19
8.841615000000000003e-19
8.768974999999999980e-19
8.789301000000000191e-19
8.918395999999999503e-19
8.925244000000000177e-19
8.923880999999998823e-19
8.772977000000000677e-19
8.861041000000000473e-19
9.050806000000000172e-19
8.974676999999999766e-19
9.012793000000001019e-19
8.828366999999999887e-19
8.817207999999999914e-19
8.741636999999999040e-19
8.872881000000000019e-19
8.976349999999998077e-19
8.909304999999999525e-19
8.787846999999998195e-19
8.732495000000000079e-19
8.784098999999999839e-19
8.894974999999998385e-19
8.756610000000000585e-19
8.797057999999999294e-19
8.796144999999999736e-19
8.737663000000000466e-19
8.775883000000000252e-19
8.702019999999999861e-19
8.745274999999999097e-19
8.915494999999999413e-19
9.706568999999999368e-19
1.033293999999999965e-18
9.676003000000000436e-19
9.068586999999998675e-19
8.886190000000000015e-19
8.986802999999999126e-19
8.893992000000000260e-19
8.802211999999999582e-19
8.725138000000000219e-19
8.580072999999999211e-19
8.533008999999999814e-19
8.757233999999999481e-19
8.796904999999998490e-19
8.904889999999999769e-19
8.827067999999999259e-19
8.795691999999999019e-19
9.270694999999999264e-19
9.840880999999999413e-19
9.340167999999999249e-19
8.797821000000000820e-19
8.923454999999999947e-19
8.780311999999998181e-19
8.705095999999999259e-19
8.777131999999998326e-19
8.818065999999999359e-19
8.821184999999999335e-19
8.769672000000000216e-19
8.942582999999999141e-19
8.785043000000000440e-19
8.831118999999998376e-19
8.764619999999997895e-19
8.633662999999999902e-19
8.658214999999999500e-19
8.746647999999999421e-19
8.794558999999999011e-19
8.706692999999999235e-19
8.768010999999999513e-19
8.683861999999998975e-19
8.664866999999998793e-19
8.654045000000000508e-19
8.615153999999999156e-19
8.584766999999998733e-19
8.589416999999998358e-19
8.700213999999998686e-19
8.617563999999999361e-19
8.670197999999999916e-19
1.059168999999999837e-18
2.178168999999999815e-18
3.764057999999999574e-18
4.664402999999999693e-18
3.203082999999999753e-18
2.139171000000000048e-18
9.028327999999999373e-19
8.707695999999999152e-19
8.716124999999999140e-19
8.527990999999999383e-19
8.407779000000000096e-19
8.269225000000000001e-19
8.292081999999998931e-19
8.386889999999998943e-19
8.482640999999999274e-19
8.553652999999999239e-19
8.400885999999999242e-19
8.414934000000000733e-19
8.621035999999998798e-19
8.654743000000000063e-19
8.367103999999999925e-19
8.487944000000000200e-19
8.347515999999999964e-19
8.286216999999998308e-19
8.393016999999998386e-19
8.765254999999999895e-19
8.722086999999998246e-19
8.683598999999999873e-19
8.648667999999999885e-19
8.670913999999999736e-19
8.555156999999998973e-19
8.573891999999998974e-19
8.415651999999999191e-19
8.154788000000000014e-19
8.317747999999999916e-19
8.391353999999999045e-19
8.598646999999999040e-19
8.514714999999999070e-19
8.495683000000000965e-19
8.516289999999998616e-19
8.392112000000000123e-19
8.269263999999999450e-19
8.393200999999998308e-19
8.482437999999999769e-19
8.537113000000000404e-19
8.535318999999999727e-19
8.462376999999999225e-19
8.480566000000000192e-19
8.437131999999999557e-19
8.402449999999999536e-19
8.348121999999998596e-19
8.283555999999999497e-19
8.403451999999999171e-19
8.482435999999999205e-19
8.269181000000000103e-19
8.346044999999998949e-19
8.410029999999999730e-19
8.345026999999998652e-19
8.403084999999999610e-19
8.511683999999998889e-19
8.403555999999999629e-19
8.344330999999999661e-19
8.372081999999998698e-19
8.440890999999999092e-19
8.381719999999999917e-19
8.242605999999998764e-19
8.346991999999999434e-19
8.161715999999999189e-19
8.249646999999999973e-19
8.201140999999999077e-19
8.262073999999999529e-19
8.316186999999998542e-19
8.403930999999999521e-19
8.261674999999999606e-19
8.407301999999999347e-19
8.306653999999999988e-19
8.302495999999998604e-19
8.398736999999999501e-19
8.457631999999998793e-19
8.455417999999999970e-19
8.423601999999998829e-19
8.351339999999999544e-19
8.492163000000000501e-19
8.493098000000000489e-19
8.367894999999999723e-19
8.437062000000000027e-19
8.374743999999999716e-19
8.138408999999999425e-19
8.188280999999998669e-19
8.149858000000000341e-19
8.010412999999999193e-19
8.181918000000000038e-19
8.124124000000000390e-19
8.282062999999999978e-19
8.319035999999999365e-19
8.233526999999999284e-19
8.372385999999999740e-19
8.270619000000000473e-19
8.361625999999999691e-19
8.216673999999999755e-19
8.271895999999998744e-19
8.151424999999999557e-19
8.144533999999999267e-19
8.191110999999998946e-19
8.220276999999999566e-19
8.172804999999999631e-19
8.168717999999999022e-19
8.097672000000000055e-19
7.999533000000000912e-19
7.954481999999999471e-19
8.079910999999999492e-19
8.047825999999998518e-19
8.272069000000000376e-19
8.341560999999999945e-19
8.235373999999999510e-19
8.244237999999999950e-19
8.179193000000000502e-19
8.230288000000000113e-19
8.299705999999999985e-19
8.269840000000000209e-19
8.267959999999999338e-19
8.348777999999999781e-19
8.283335999999999047e-19
8.222849000000000225e-19
8.231280999999999134e-19
8.221716999999999537e-19
8.174100999999999412e-19
8.250719000000000101e-19
8.148652999999999276e-19
8.293976999999999220e-19
8.308253000000000530e-19
8.166103999999999993e-19
8.217343000000000757e-19
8.232618999999999211e-19
8.222753000000000099e-19
8.103081000000000078e-19
8.114261999999998555e-19
8.149613999999998897e-19
8.210091999999999993e-19
8.287575999999999496e-19
8.120645999999999260e-19
8.206264999999999567e-19
8.247876999999999327e-19
8.328155999999999822e-19
8.975993000000001339e-19
9.071891999999999136e-19
8.477126999999999474e-19
8.185547999999999764e-19
8.198056999999999348e-19
8.084806999999999200e-19
7.959380999999999063e-19
7.886445999999998611e-19
7.995865999999999412e-19
8.099901999999999542e-19
8.255958999999999620e-19
8.122419999999999109e-19
7.997242999999999902e-19
8.058303999999998918e-19
7.981680999999999707e-19
8.045125999999998332e-19
8.038783000000000530e-19
7.959964999999999190e-19
8.008870999999998366e-19
8.075461999999998808e-19
8.035901999999999343e-19
7.737143999999999927e-19
7.747355999999998452e-19
7.741086999999998420e-19
7.798149999999998831e-19
7.843385000000000193e-19
7.791640999999999446e-19
7.840036999999999153e-19
7.825244999999999571e-19
7.932628999999999777e-19
7.832525999999999171e-19
7.940231999999998758e-19
7.937252999999999769e-19
8.006876999999999993e-19
7.891384999999998897e-19
7.801040999999998987e-19
7.956458000000000469e-19
7.950680999999999641e-19
7.959002999999999287e-19
7.899941999999999375e-19
7.956485000000000384e-19
7.839220999999999041e-19
7.893563000000000081e-19
8.057834999999999464e-19
7.774158999999999611e-19
7.838176999999998148e-19
7.851822999999999832e-19
7.833520999999999719e-19
7.863008999999998757e-19
7.844015999999999138e-19
7.800154999999999345e-19
7.798090000000000196e-19
8.055246999999999104e-19
7.907594999999999946e-19
7.851498000000000567e-19
7.827729999999998792e-19
7.884834000000000179e-19
7.983090999999999879e-19
7.864790000000000581e-19
7.825329999999999483e-19
7.836365999999999414e-19
7.902833999999999814e-19
7.836072999999999549e-19
7.978820999999998668e-19
7.888918000000000904e-19
7.865012999999999952e-19
7.710533999999999304e-19
7.879559999999998770e-19
7.840779999999998888e-19
7.804361999999998186e-19
7.878089999999999963e-19
7.846618000000000559e-19
7.805232999999999373e-19
7.986173999999999326e-19
7.886623999999999728e-19
7.782103000000000444e-19
7.858627999999999927e-19
7.820617999999999696e-19
7.739093000000001010e-19
7.826382999999999064e-19
7.817847999999999980e-19
7.741719000000000537e-19
7.653395999999998915e-19
7.673414999999999163e-19
7.663175999999999760e-19
7.699035999999999005e-19
7.681950999999998529e-19
7.714029000000000417e-19
7.818536999999998921e-19
7.900289000000000033e-19
8.052573999999999797e-19
8.034111999999998831e-19
8.067751999999999486e-19
7.936711999999999257e-19
9.104025999999999492e-19
1.964023000000000046e-18
4.343747999999999915e-18
7.284427999999999740e-18
6.002745999999999536e-18
3.745780000000000263e-18
1.021559000000000004e-18
7.704233999999999191e-19
7.707374999999999597e-19
7.600866999999999100e-19
7.647162000000000093e-19
7.538176999999998781e-19
7.639881999999999813e-19
7.859038999999999385e-19
7.866393000000000325e-19
7.930888999999999893e-19
7.660953999999998679e-19
7.466771999999998659e-19
7.496946999999999926e-19
7.610157999999999662e-19
7.535515999999999008e-19
7.400605999999998737e-19
7.425899999999999714e-19
7.508446999999998863e-19
7.476198000000000723e-19
7.614060999999999386e-19
7.707600000000000495e-19
7.584879000000000029e-19
7.714279999999999022e-19
7.672400999999999031e-19
7.596146999999998982e-19
7.575934999999999162e-19
7.513295999999999753e-19
7.563573000000000614e-19
7.702965999999998644e-19
7.835271999999998855e-19
7.703969999999998843e-19
7.494198999999999677e-19
7.453356999999999567e-19
7.497850999999999833e-19
7.502971999999999476e-19
7.474072999999999087e-19
7.535083000000000082e-19
7.584324999999999701e-19
7.707614000000000594e-19
7.647648999999999812e-19
7.541993999999999275e-19
7.344606999999999086e-19
7.659155999999999761e-19
7.844048000000000464e-19
7.836588000000000428e-19
7.552891999999999746e-19
7.507160999999999015e-19
7.560631999999998867e-19
7.445778999999999937e-19
7.407943999999999977e-19
7.368770999999998976e-19
7.306511999999998943e-19
7.470546999999998857e-19
7.559051999999999835e-19
7.472213999999999327e-19
7.320718999999999079e-19
7.350473999999999311e-19
7.282196999999998815e-19
7.600039999999999736e-19
7.611259999999999589e-19
7.657430999999999295e-19
7.544079999999999535e-19
7.445271999999999390e-19
7.431858000000000580e-19
7.435254999999999076e-19
7.446555999999999637e-19
7.436546999999999654e-19
7.418901999999999083e-19
7.285068999999999388e-19
7.477916999999998533e-19
7.345390000000000479e-19
7.169485000000000258e-19
7.409221999999999493e-19
7.442303000000000334e-19
7.520843999999999584e-19
7.426790999999999804e-19
7.369773999999998892e-19
7.339572999999999919e-19
7.418184000000000625e-19
7.410650999999999249e-19
7.415777999999999622e-19
7.329012000000000172e-19
7.234973999999998847e-19
7.311299999999999954e-19
7.334521999999999806e-19
7.166013000000000821e-19
7.292513000000000687e-19
7.272285999999999523e-19
7.267932999999999929e-19
7.276217999999999727e-19
7.241391000000000197e-19
7.282699999999999197e-19
7.337250999999998545e-19
7.450421999999998550e-19
7.183346999999998374e-19
7.210081999999999604e-19
7.285044000000000037e-19
7.353641999999998669e-19
7.241388000000000314e-19
7.161858000000000283e-19
7.283053000000000585e-19
7.404561999999999936e-19
7.308466999999998830e-19
7.196949999999999480e-19
7.237012000000000007e-19
7.224230999999999743e-19
7.209078999999999687e-19
7.292999000000000123e-19
7.152979000000000425e-19
7.180948999999999629e-19
7.095691999999999398e-19
7.153946999999999132e-19
7.141211999999999330e-19
7.179464999999999761e-19
7.072374000000000382e-19
7.067968000000000277e-19
7.092446999999999497e-19
7.256274000000000421e-19
7.174115000000000017e-19
7.127691999999998535e-19
7.156054999999999822e-19
7.129113000000000848e-19
7.122887999999999750e-19
7.318341999999999519e-19
7.172912999999999798e-19
7.270364000000000282e-19
7.116283999999999558e-19
7.086086999999998824e-19
7.108584999999998525e-19
7.135886999999998937e-19
7.112943999999999813e-19
7.019705999999998900e-19
7.148079999999999870e-19
7.233327999999999488e-19
7.206255999999998496e-19
7.122795000000000470e-19
7.122498999999999759e-19
7.159458000000000011e-19
7.213970999999999229e-19
7.236579999999998475e-19
7.195503999999999742e-19
7.170694999999999846e-19
7.112616999999999984e-19
7.022025999999999709e-19
7.071668000000000496e-19
7.096643000000000049e-19
7.077919999999999582e-19
7.152328999999999970e-19
7.080964999999999862e-19
6.914204000000000129e-19
6.952033999999999642e-19
7.051241999999999030e-19
7.206378000000000182e-19
7.097520000000000040e-19
7.046216999999999513e-19
7.057810999999998975e-19
7.049621999999999304e-19
7.025790000000000654e-19
7.095274999999999210e-19
7.027485999999999678e-19
6.873897999999999121e-19
6.985984000000000143e-19
7.044518000000000605e-19
6.979185999999999134e-19
6.969900999999999302e-19
6.954187999999999831e-19
6.857224000000000029e-19
6.980851999999999322e-19
6.938729000000000775e-19
6.990110999999999521e-19
6.982262999999999776e-19
6.944295999999999160e-19
6.901156999999998954e-19
6.982704999999999315e-19
6.986163000000000580e-19
6.955015000000000158e-19
6.991605999999999604e-19
6.920660999999999285e-19
6.832109999999999771e-19
6.694216000000000064e-19
6.767035999999999843e-19
6.825813999999999824e-19
6.853638000000000201e-19
6.758669000000000017e-19
6.894333000000000237e-19
6.895008000000000043e-19
6.949776999999998314e-19
6.826771999999999561e-19
6.985659999999999235e-19
6.828721999999999000e-19
6.839694000000000131e-19
6.857891999999998822e-19
6.932184999999999217e-19
6.906485999999999513e-19
6.690938999999999800e-19
6.623100000000000603e-19
6.873140999999999287e-19
6.842901999999999220e-19
6.888405999999998489e-19
6.833833999999999955e-19
6.818920999999999933e-19
6.802251999999999363e-19
6.802475999999999979e-19
6.717000999999998899e-19
6.786903999999999851e-19
6.818704999999999649e-19
6.679756999999999115e-19
6.635016999999998766e-19
6.828671999999998372e-19
6.804809999999999924e-19
6.813509000000000027e-19
6.852863000000000103e-19
6.821856999999999306e-19
6.888981999999999248e-19
6.830828999999999408e-19
6.858864999999999903e-19
6.694854000000000022e-19
6.852353999999998991e-19
6.818731999999999564e-19
6.844178999999999418e-19
6.758879999999999853e-19
6.695898000000000915e-19
6.707016999999998267e-19
6.725926999999999502e-19
6.702195000000000181e-19
6.672468999999999466e-19
6.448770999999999249e-19
6.505495000000000296e-19
6.519071999999999842e-19
6.654689000000000282e-19
6.583565999999999809e-19
6.580709999999999899e-19
6.637401999999999620e-19
6.693829000000000638e-19
6.822866999999999273e-19
6.736310000000000057e-19
6.694876999999998808e-19
6.684954999999999301e-19
6.600067999999999477e-19
6.808242999999999912e-19
6.615964999999999832e-19
6.621969999999999516e-19
6.619164999999999553e-19
6.753265000000000442e-19
6.719155999999999370e-19
6.561721999999998803e-19
6.554349999999999525e-19
6.549045999999999279e-19
6.584253999999999431e-19
6.657511999999999546e-19
6.536551999999998150e-19
6.437888999999999440e-19
6.650059999999999842e-19
6.614664999999998922e-19
6.696011999999998417e-19
6.600109999999998810e-19
6.530714000000000331e-19
6.584350999999998877e-19
6.659158000000000832e-19
6.834989999999999713e-19
6.695250000000000062e-19
6.641209000000000181e-19
6.700792999999999378e-19
6.583537999999999612e-19
6.649991999999998950e-19
6.552199999999998539e-19
6.567723999999999566e-19
6.636054999999999892e-19
6.572048000000000607e-19
6.506520999999998999e-19
6.532824000000000623e-19
6.470636999999998759e-19
6.468545999999999014e-19
6.527209999999999568e-19
6.614383000000000236e-19
6.781493000000000227e-19
6.591181000000000250e-19
6.548023000000000460e-19
6.447799000000000376e-19
6.522442999999999668e-19
6.417444999999998673e-19
6.368053999999999380e-19
6.460756999999999548e-19
6.612028999999999463e-19
6.783585999999999574e-19
7.082396999999998538e-19
7.052836999999999405e-19
6.805183999999999534e-19
6.526000999999999299e-19
6.710040999999999361e-19
6.661303999999999726e-19
6.654561999999999111e-19
6.554744000000000927e-19
6.550471999999999152e-19
6.291673000000000087e-19
6.468956999999998472e-19
6.488736999999998686e-19
6.542855000000000073e-19
6.429907999999999721e-19
6.316805999999998965e-19
6.349710999999999254e-19
6.428599999999999443e-19
6.655685999999999469e-19
7.017940999999999664e-19
6.998369999999999686e-19
6.584438999999999635e-19
6.541214999999999517e-19
6.563113999999999673e-19
6.511171999999998906e-19
6.677476999999999001e-19
6.621646999999999853e-19
6.427448000000000814e-19
6.464830000000000058e-19
6.440314000000000026e-19
6.449127999999999839e-19
6.455456999999999469e-19
6.385683000000000251e-19
6.556893000000000668e-19
6.644984000000000379e-19
6.590670999999999819e-19
6.653893000000000036e-19
6.539546999999998765e-19
6.468144999999999489e-19
6.477469000000000696e-19
6.370248000000000264e-19
6.362714000000000532e-19
6.737030000000000043e-19
6.983065999999999109e-19
6.867941000000000463e-19
6.565505999999998651e-19
6.445801999999998267e-19
6.529868000000000420e-19
6.534812999999999511e-19
6.564864999999999773e-19
6.720443999999999783e-19
7.277199000000000177e-19
1.082779999999999873e-18
1.373954999999999982e-18
1.222584999999999955e-18
8.130630999999999211e-19
6.502503999999999847e-19
6.584824000000000423e-19
7.078867999999999387e-19
7.174840000000000450e-19
6.945276999999999610e-19
8.603896000000000136e-19
1.124155999999999868e-18
1.114685999999999832e-18
8.188993999999999568e-19
6.358649000000000353e-19
6.290757999999999965e-19
6.138744000000000598e-19
6.286319999999999496e-19
6.437957999999999651e-19
6.541785999999999828e-19
6.357491999999999351e-19
6.358970999999999734e-19
6.326540999999999630e-19
6.303445999999999022e-19
6.440019000000000561e-19
6.667731999999999366e-19
6.829505000000000392e-19
6.556728000000000330e-19
6.363336999999999145e-19
6.334983999999999717e-19
6.215844999999999877e-19
6.181077999999999944e-19
6.225086999999999130e-19
6.267110999999999593e-19
6.280691999999999305e-19
6.359065999999999579e-19
6.269809999999999497e-19
6.301609000000000655e-19
6.338989999999999617e-19
6.596972999999999533e-19
6.683929000000000598e-19
6.518949999999999120e-19
6.380244999999999749e-19
6.248340999999999345e-19
6.276340999999999312e-19
6.231359000000000008e-19
6.404115999999998811e-19
6.634811999999998697e-19
6.563254999999999016e-19
6.413076999999999660e-19
6.177199999999999571e-19
6.485498999999999798e-19
7.547629000000000478e-19
8.669368999999999988e-19
7.697604999999999648e-19
6.458880999999998843e-19
6.234633999999999708e-19
6.312029000000000096e-19
6.370160999999998825e-19
6.577351999999998927e-19
6.341614000000000505e-19
6.302003000000000131e-19
6.219358000000000291e-19
6.376599000000000323e-19
6.299713000000000084e-19
6.277409000000000237e-19
6.338478999999999867e-19
6.250836999999998781e-19
6.232158000000000138e-19
6.329718000000000565e-19
6.334956999999998839e-19
6.371070999999999462e-19
6.351230999999999651e-19
6.290174999999999157e-19
6.262985999999999817e-19
6.209304999999999448e-19
6.190486999999999137e-19
6.138954999999999471e-19
6.194550999999999996e-19
6.209721999999998673e-19
6.298915999999999556e-19
6.150406999999999309e-19
6.064104000000000508e-19
6.116556999999999100e-19
6.301281999999999863e-19
6.128575999999999082e-19
6.282700999999999022e-19
6.085611999999999146e-19
6.055351999999998931e-19
6.131233999999999934e-19
6.200390000000000023e-19
6.163385999999999592e-19
6.150331000000000011e-19
6.147964999999999703e-19
6.230469999999999520e-19
6.205161999999999407e-19
6.134940999999999240e-19
6.293818999999999944e-19
6.141283999999999931e-19
6.118687999999999539e-19
6.146732999999999685e-19
6.177638999999999226e-19
6.198058999999999962e-19
6.209813000000000277e-19
6.202159999999999706e-19
6.148055999999999382e-19
6.135565999999999381e-19
6.032438000000000287e-19
6.073086999999998899e-19
6.131424000000000586e-19
6.229463000000000400e-19
6.194806999999999049e-19
6.083877999999999992e-19
6.053980999999999172e-19
5.981815999999999333e-19
6.182041999999999449e-19
6.178393000000000139e-19
6.105863999999999660e-19
6.077599000000000027e-19
6.168432999999999539e-19
6.133119999999999610e-19
6.057984999999999470e-19
5.964041999999999915e-19
6.176874999999999344e-19
6.172300999999999017e-19
6.139524000000000181e-19
6.090884999999999310e-19
6.109362999999999976e-19
6.129195999999999738e-19
6.138710999999999953e-19
6.144745000000000116e-19
6.230340000000000392e-19
6.039999999999999253e-19
6.297503999999999782e-19
6.367341999999998763e-19
6.415767999999999233e-19
6.324653000000000353e-19
6.152608000000000242e-19
6.378042999999999497e-19
6.327816999999999546e-19
6.078384000000000058e-19
6.056607999999999943e-19
5.934883999999999627e-19
5.974951999999998958e-19
6.132245999999999502e-19
6.066779999999999700e-19
5.899127999999999877e-19
5.978294000000000231e-19
5.915004999999999404e-19
5.978710999999999456e-19
6.028433999999999988e-19
6.036016999999999103e-19
5.933661999999999542e-19
6.018081999999999514e-19
6.024119999999999843e-19
5.958799000000000513e-19
5.931504999999999470e-19
5.759221999999999606e-19
5.730191999999998845e-19
5.879618000000000741e-19
6.267711999999998739e-19
6.796300000000000190e-19
6.531264999999999813e-19
6.165671999999998510e-19
6.090633999999999742e-19
6.090170999999999092e-19
6.297391999999998993e-19
6.200676999999999157e-19
6.033943999999999622e-19
6.018834999999999182e-19
5.973650999999999692e-19
6.094293999999999267e-19
6.054206000000000070e-19
6.127389999999999526e-19
5.959723000000000285e-19
5.804130999999999496e-19
5.947333000000000577e-19
5.906368999999999745e-19
5.991261000000000017e-19
6.085228999999999885e-19
6.155533999999999682e-19
6.176169999999999739e-19
5.973244999999999719e-19
6.001848999999999679e-19
6.046191999999998743e-19
6.127068000000000145e-19
5.994965999999998758e-19
6.140389999999999957e-19
6.484104999999999326e-19
6.516323999999999593e-19
6.106301999999999034e-19
5.957110999999998931e-19
6.045944000000000021e-19
5.958413999999999725e-19
6.084897999999999891e-19
6.035944999999999971e-19
6.100119000000000158e-19
7.029205000000000377e-19
1.455609000000000017e-18
4.100282999999999493e-18
6.970526999999999148e-18
5.768214999999999471e-18
3.142617999999999820e-18
7.073318000000000021e-19
6.909678000000000828e-19
7.413420999999998965e-19
1.310894000000000129e-18
2.135102999999999986e-18
2.354082999999999879e-18
5.552104000000000267e-18
3.880852999999999575e-17
9.609001999999999586e-17
1.225640999999999902e-16
1.078711999999999965e-16
3.512705999999999650e-17
3.639082999999999975e-18
2.168749999999999727e-18
1.850334999999999946e-18
1.410951999999999978e-18
7.001652999999999717e-19
6.551323000000000473e-19
6.469086999999998563e-19
6.476243999999999765e-19
6.973013000000000191e-19
7.767151999999999329e-19
8.575611999999998993e-19
2.394987000000000151e-18
9.670625000000000109e-18
1.783110999999999879e-17
1.931914999999999785e-17
1.299674999999999827e-17
2.064186999999999954e-18
6.583332999999999542e-19
6.178216999999998624e-19
6.019242999999999719e-19
6.083999999999999751e-19
5.809280999999999619e-19
5.791402999999999743e-19
5.905948000000000354e-19
6.006087999999999846e-19
5.979619999999999810e-19
5.958784000000000132e-19
5.875095000000000361e-19
5.846818999999999549e-19
5.960033000000000132e-19
6.066819999999999431e-19
6.083398000000000322e-19
5.950596999999999098e-19
5.756703000000000421e-19
5.840726999999999389e-19
5.770290999999999220e-19
5.874545999999999517e-19
5.821190999999999658e-19
5.786918999999999776e-19
5.832712999999999988e-19
5.911883999999999827e-19
5.825775999999999237e-19
5.816040999999999535e-19
5.845974999999999240e-19
5.777673000000000356e-19
5.812189999999999077e-19
5.815539000000000398e-19
5.801285999999998838e-19
5.783606999999999265e-19
5.831586999999999067e-19
5.670966999999998877e-19
5.825706999999999989e-19
5.849066999999999300e-19
5.766746999999998725e-19
5.795199000000000089e-19
5.763374000000000260e-19
5.790553999999999949e-19
5.749526999999999636e-19
5.714735999999999672e-19
5.757768999999999819e-19
5.668730999999999623e-19
5.699713000000000388e-19
5.732324999999999849e-19
5.770612999999999564e-19
5.734843999999999997e-19
5.823416999999999941e-19
5.783276999999999553e-19
5.654421999999999594e-19
5.755143000000000292e-19
5.799589999999999814e-19
5.714562999999999966e-19
5.734329999999999400e-19
5.763988999999999505e-19
5.673043000000000167e-19
5.669539999999999685e-19
5.745683000000000190e-19
5.683091999999998918e-19
5.611160000000000309e-19
5.708329999999999500e-19
5.700171999999999909e-19
5.861120999999999529e-19
5.859460999999999108e-19
5.752017999999999587e-19
5.715343999999999831e-19
5.772698999999999824e-19
5.771096999999999399e-19
5.824726999999998858e-19
7.450479999999999509e-19
1.598011999999999814e-18
2.590363999999999955e-18
2.237154999999999942e-18
1.252117999999999942e-18
5.912390999999999411e-19
5.679419999999998896e-19
5.718004000000000285e-19
5.632799999999999602e-19
5.697440000000000323e-19
5.630227999999999906e-19
5.653378999999999945e-19
5.608440000000000257e-19
5.691079999999999649e-19
5.743239000000000020e-19
5.653016999999999870e-19
5.614205999999999907e-19
5.586401999999999396e-19
5.623241999999999772e-19
5.618129000000000460e-19
5.703518000000000384e-19
5.720833000000000280e-19
5.629675999999999179e-19
5.617128000000000145e-19
5.659788000000000001e-19
5.585603000000000230e-19
5.778184000000000107e-19
5.710599999999999681e-19
5.575789999999999703e-19
5.828653999999999577e-19
7.164284999999999508e-19
1.977077999999999627e-18
4.277845999999999570e-18
6.205356000000000032e-18
4.370806999999999549e-18
1.557495999999999828e-18
5.738350999999999681e-19
5.645093000000000828e-19
5.654584000000000048e-19
5.737142999999999695e-19
5.655386999999999380e-19
5.879859999999999696e-19
9.260373999999998870e-19
2.532666000000000048e-18
4.603219999999998992e-18
4.183837999999999970e-18
2.804116999999999760e-18
6.760263000000000110e-19
5.724611999999999680e-19
5.646934000000000324e-19
5.559858999999999383e-19
5.647965999999998794e-19
5.553354999999999483e-19
5.493168999999999894e-19
5.661946999999998712e-19
5.508658000000000675e-19
5.632726999999999225e-19
5.678251999999999605e-19
5.616210999999999459e-19
5.491953999999999859e-19
5.566354000000000595e-19
5.556460999999999642e-19
5.521603999999999350e-19
5.520725999999999077e-19
5.628449999999999891e-19
5.575950999999999875e-19
5.593249999999999108e-19
5.544453000000000838e-19
5.534863000000000645e-19
5.594639000000000095e-19
5.620241999999999672e-19
5.625813000000000149e-19
5.607277999999999770e-19
5.565024999999999206e-19
5.456653999999999746e-19
5.499479999999999259e-19
5.526748999999999988e-19
5.475383000000000943e-19
5.452905999999999464e-19
5.543404000000000459e-19
5.570997999999999490e-19
5.535558999999999636e-19
5.474463000000000373e-19
5.463294999999999786e-19
5.544858000000000529e-19
5.532964999999999509e-19
5.494190999999999395e-19
5.486038999999999571e-19
5.470971000000000107e-19
5.431820999999999818e-19
5.522001999999999955e-19
5.623544999999999569e-19
5.609380999999999049e-19
5.511039999999999720e-19
5.421894999999999182e-19
5.408446000000000126e-19
5.603223000000000487e-19
5.433986999999999541e-19
5.551339999999999036e-19
5.488683999999999644e-19
5.466764999999999622e-19
5.417167999999999978e-19
5.486344999999999252e-19
5.432129999999999383e-19
5.494436999999998515e-19
5.427254999999999823e-19
5.470986999999998844e-19
5.420015000000000237e-19
5.482511999999999058e-19
5.551755999999998942e-19
5.562459999999999559e-19
5.376124999999999002e-19
5.454470999999999078e-19
5.485582999999999933e-19
5.480171999999999346e-19
5.457290999999999422e-19
5.482964000000000456e-19
5.427643999999999813e-19
5.561158999999999330e-19
5.463136999999999498e-19
5.482359000000000181e-19
5.672395000000000276e-19
5.969361999999998898e-19
6.255788000000000528e-19
6.292528999999999930e-19
5.827955999999999059e-19
5.721758999999999654e-19
6.274641999999999441e-19
6.325724000000000199e-19
5.677139999999999745e-19
5.437765999999999905e-19
5.487510999999999905e-19
5.515146999999999231e-19
5.583483000000000005e-19
5.487126999999999399e-19
5.422414000000000227e-19
5.459499999999999723e-19
5.453809000000000051e-19
5.411031999999998958e-19
5.447349000000000049e-19
5.489831999999999070e-19
5.431172999999999928e-19
5.486724999999999592e-19
5.432568000000000682e-19
5.317115999999999318e-19
5.370537999999999788e-19
5.348354999999999418e-19
5.439215999999999808e-19
5.359592999999999535e-19
5.581366999999998984e-19
6.208369000000000141e-19
7.116676999999999714e-19
6.680338000000000322e-19
5.924961999999999157e-19
6.078699999999999672e-19
6.474368999999999342e-19
6.638955999999999982e-19
6.617309999999999959e-19
6.304341999999999561e-19
5.974800000000000363e-19
5.915100000000000211e-19
5.854865000000000277e-19
5.860813999999999566e-19
5.737700999999999226e-19
5.738139999999999844e-19
5.701826999999998919e-19
5.637386999999999746e-19
5.506970999999999376e-19
5.674953000000000837e-19
5.680706999999999027e-19
5.806888000000000359e-19
6.100299999999999233e-19
6.205865999999999693e-19
5.896588999999999863e-19
5.825736999999998824e-19
5.689049999999999784e-19
5.798943000000000206e-19
5.817614000000000443e-19
5.657895999999999596e-19
5.832066999999998736e-19
5.931730999999999687e-19
6.107228999999999653e-19
5.768226999999999390e-19
5.616999999999999655e-19
5.594504000000000519e-19
5.529715999999999442e-19
5.579879999999999232e-19
5.579104999999999134e-19
5.680929000000000041e-19
5.810509000000000434e-19
6.149578999999999662e-19
5.964798999999999749e-19
5.464113999999999782e-19
5.418966999999999178e-19
5.419513999999999457e-19
5.395963999999999494e-19
5.511280000000000036e-19
5.599718999999999724e-19
6.281379999999999890e-19
6.477035999999998882e-19
5.714300999999999220e-19
5.422850999999999318e-19
5.425984000000000355e-19
5.553313000000000150e-19
5.511568000000000415e-19
5.578375999999999498e-19
5.571399999999999297e-19
5.512578999999999701e-19
5.485616999999999898e-19
5.426848000000000530e-19
5.660971999999998993e-19
6.023905999999999160e-19
6.164149999999999475e-19
5.829077999999999814e-19
5.571840999999999517e-19
5.417136999999998934e-19
5.399454999999999477e-19
5.473571999999999320e-19
5.866048999999999600e-19
6.716471999999998885e-19
6.343239999999999999e-19
5.538415999999998865e-19
5.395495999999999359e-19
5.432524999999999141e-19
5.496183000000000092e-19
5.473719000000000356e-19
5.579078000000000182e-19
5.469450999999999710e-19
5.463674999999999164e-19
5.583178999999999926e-19
5.476820000000000067e-19
5.410451999999998996e-19
5.377492999999999840e-19
5.474798999999999853e-19
5.408381999999999399e-19
5.514868000000000429e-19
5.661614999999999398e-19
5.403929999999999795e-19
5.384433000000000475e-19
5.392424999999999446e-19
5.367403000000000112e-19
5.322376999999998985e-19
5.803435999999999824e-19
6.002611999999999280e-19
5.533006999999998842e-19
5.340473999999999991e-19
5.378218000000000274e-19
5.379608999999999899e-19
5.316649999999999747e-19
5.378378000000000163e-19
5.186689999999999978e-19
5.260504999999999342e-19
5.220180999999999032e-19
5.304120999999999334e-19
5.232471999999999694e-19
5.317484999999999443e-19
5.206234000000000042e-19
5.375821999999999204e-19
5.169604000000000183e-19
5.172253999999999742e-19
5.191482999999999511e-19
5.338820999999999620e-19
5.425538999999999970e-19
5.479165999999999546e-19
5.118003000000000307e-19
5.144350999999999221e-19
5.277453999999999960e-19
5.280145999999999814e-19
5.356487999999999658e-19
5.569828999999999916e-19
5.367268999999999855e-19
5.283185999999999646e-19
5.108877000000000083e-19
5.023062000000000320e-19
5.137102999999999304e-19
5.137864999999999585e-19
5.218186999999999696e-19
5.251077999999999886e-19
5.090132999999999468e-19
5.169420999999999581e-19
5.141593999999999321e-19
5.136374999999999950e-19
5.105872999999999817e-19
5.120743000000000224e-19
5.238986999999999809e-19
5.331832999999999885e-19
5.385453000000000374e-19
5.340128000000000579e-19
5.318030000000000121e-19
5.277866999999999982e-19
5.247811999999999837e-19
5.149399999999999732e-19
5.267529000000000569e-19
5.447451999999999261e-19
5.440703999999999842e-19
5.400421999999999828e-19
5.379041999999999754e-19
5.352640999999999366e-19
5.523525999999999555e-19
5.609468000000000488e-19
5.428536999999999505e-19
5.231826999999999687e-19
5.226270000000000272e-19
5.157793000000000154e-19
5.215990999999999211e-19
5.281210999999998930e-19
5.269094999999999502e-19
5.301775999999999175e-19
5.284123999999999517e-19
5.346863000000000181e-19
7.157345999999999155e-19
1.401605999999999882e-18
1.970872999999999743e-18
1.484984999999999999e-18
6.946689999999998702e-19
5.247799000000000020e-19
5.277230000000000307e-19
5.314247999999999874e-19
5.237852000000000200e-19
5.305335999999999370e-19
5.273270999999999225e-19
5.271026999999998677e-19
5.161164999999999299e-19
5.191705999999999844e-19
5.172382999999999551e-19
5.269026999999999573e-19
5.287160000000000146e-19
5.221173999999999979e-19
5.162772000000000172e-19
5.125097000000000101e-19
5.273614999999999999e-19
5.282181999999999447e-19
5.228611000000000265e-19
5.205805000000000319e-19
5.212750999999999758e-19
5.242177999999999879e-19
5.047330999999999987e-19
5.188631999999999086e-19
5.125136999999999833e-19
5.102634999999999966e-19
5.210935999999998932e-19
5.167829999999999371e-19
5.248790999999999722e-19
5.205607999999999618e-19
5.158483999999999660e-19
5.201846999999999519e-19
5.115567999999999788e-19
5.225780999999999989e-19
5.147594999999999802e-19
5.091062999999999008e-19
5.230134999999999865e-19
5.167918000000000129e-19
5.191298999999999589e-19
5.185220999999999528e-19
5.051587999999999455e-19
5.146809999999999771e-19
5.085555999999999258e-19
5.068665999999998918e-19
5.183729999999999610e-19
5.169870999999999452e-19
5.194933999999999763e-19
5.203620999999999368e-19
5.286338000000000267e-19
5.149132000000000182e-19
5.167474000000000026e-19
5.652428999999999577e-19
1.177955000000000023e-18
4.464030000000000274e-18
7.835069999999998477e-18
6.946245000000000435e-18
4.000343999999999520e-18
6.534366999999998843e-19
5.211559999999999754e-19
5.162308000000000203e-19
5.190745999999999543e-19
5.234136999999999600e-19
5.198800999999998958e-19
5.126992999999999710e-19
4.991910999999999052e-19
5.102929999999999432e-19
5.092009999999999493e-19
5.149163000000000263e-19
5.067537999999999358e-19
5.168970999999999711e-19
5.226653999999999814e-19
5.033565000000000071e-19
5.148473000000000076e-19
5.062446999999999514e-19
5.181231999999999610e-19
5.209768999999999923e-19
5.033044999999999707e-19
4.975852999999999488e-19
5.092016999999999542e-19
5.411115000000000231e-19
5.361589999999999718e-19
5.466744999999999757e-19
5.523598999999999932e-19
5.576827999999999866e-19
5.616828999999999551e-19
5.624019000000000434e-19
5.591109999999999017e-19
5.591550999999999237e-19
5.578730999999999524e-19
5.481227999999999774e-19
5.451706999999999128e-19
5.345324000000000201e-19
5.436259000000000287e-19
5.565274000000000136e-19
5.728510999999999239e-19
6.028508000000000648e-19
5.707092999999999997e-19
5.546993999999999490e-19
5.414139999999999681e-19
5.536458999999999376e-19
5.708293999999999934e-19
5.607895999999998899e-19
5.593578000000000182e-19
5.459768999999999556e-19
5.368879000000000612e-19
5.507138999999999597e-19
5.636356999999998951e-19
5.608410999999998815e-19
5.524727999999999774e-19
5.567429999999999926e-19
5.550228999999999458e-19
5.389514000000000387e-19
5.293229999999999875e-19
5.202641999999999483e-19
5.174770999999999326e-19
5.191534999999999740e-19
5.091251999999999377e-19
5.059224999999999363e-19
5.091192999999999099e-19
5.127282000000000371e-19
5.106514999999999941e-19
5.029069999999999888e-19
5.037462999999999347e-19
5.078300999999999291e-19
5.279565999999999853e-19
5.176664000000000013e-19
5.230955999999999462e-19
5.214572999999999670e-19
5.174640999999999235e-19
5.272873000000000547e-19
5.617046999999999436e-19
5.918463999999999987e-19
5.851875999999999429e-19
5.981874999999999611e-19
6.400412999999999671e-19
6.481286999999998583e-19
6.298468000000000250e-19
6.957209000000000079e-19
7.989544000000000795e-19
7.470508999999999689e-19
6.545088999999999725e-19
7.165094000000000533e-19
8.143203999999999522e-19
7.248745999999999493e-19
5.916223000000000286e-19
5.416563999999999985e-19
5.367156999999999066e-19
5.650121999999999547e-19
6.211319999999999895e-19
6.305389000000000338e-19
5.779162999999999992e-19
5.593084999999999733e-19
5.372134999999999765e-19
5.260324999999999587e-19
5.306874000000000032e-19
5.336459999999999760e-19
5.358441999999999263e-19
5.634269000000000052e-19
5.565828000000000464e-19
5.410518000000000287e-19
5.392615000000000098e-19
5.481838000000000497e-19
5.271765999999999209e-19
5.413271999999999340e-19
5.432274999999999854e-19
5.858286999999999086e-19
7.689193999999999924e-19
1.020399999999999978e-18
8.884933999999999965e-19
6.624939999999998854e-19
8.000340999999999730e-19
9.206894999999999650e-19
7.357403999999999050e-19
6.537480999999999334e-19
6.542770000000000161e-19
5.843053999999999285e-19
5.358879999999999599e-19
5.416985999999999658e-19
5.490339999999999899e-19
5.591020999999999903e-19
5.460419999999999330e-19
5.391872999999999682e-19
5.703336999999999383e-19
5.753062999999999799e-19
5.520035999999998890e-19
5.266467999999999694e-19
5.362650999999999631e-19
5.402609999999999982e-19
6.221745999999999103e-19
6.671165000000000317e-19
5.997723000000000584e-19
5.441301999999999105e-19
5.226872999999999982e-19
5.284257999999999774e-19
5.369824999999999852e-19
5.513033000000000700e-19
5.413194999999999760e-19
5.448872999999999649e-19
6.944884000000000416e-19
8.712861999999998975e-19
8.714846000000000304e-19
1.123555999999999848e-18
1.205400999999999854e-18
8.890980999999998019e-19
5.600014999999999472e-19
5.194707000000000226e-19
5.111071999999999323e-19
5.197522000000000122e-19
6.337713999999999702e-19
9.519221999999998281e-19
1.136096999999999988e-18
8.484604999999999774e-19
5.762216999999999258e-19
4.951702000000000378e-19
5.002949999999999830e-19
5.070004999999999278e-19
5.127308000000000004e-19
5.660743000000000818e-19
7.711088999999998952e-19
8.663969999999999898e-19
6.745068000000000439e-19
5.093950999999999281e-19
4.992835999999999107e-19
5.148253999999999908e-19
5.075724999999999429e-19
4.935488000000000127e-19
4.911836999999999589e-19
5.135356999999999652e-19
5.158995999999999693e-19
5.082522000000000156e-19
5.045189999999999614e-19
5.099137999999999252e-19
5.677351999999999864e-19
6.257958999999999736e-19
5.664748999999999755e-19
5.036155999999999351e-19
4.973627999999999486e-19
4.920437000000000645e-19
4.991696999999999332e-19
5.048635000000000099e-19
5.605547999999999818e-19
7.017229000000000011e-19
7.106499000000000191e-19
5.745724000000000204e-19
5.056141999999999916e-19
5.181778999999999889e-19
5.250811999999999936e-19
5.229075999999999554e-19
5.170020999999999409e-19
5.263710999999999794e-19
5.185332999999999355e-19
5.157112999999998938e-19
5.012108999999999736e-19
5.078305999999999739e-19
5.070425000000000312e-19
5.089429000000000146e-19
5.124928999999999880e-19
4.985615000000000068e-19
5.147918999999999748e-19
5.550340999999999285e-19
5.926194000000000138e-19
5.324204999999999628e-19
5.148961000000000077e-19
5.045277000000000090e-19
5.115853999999999603e-19
5.046119999999999154e-19
5.439954999999999378e-19
6.509865999999999192e-19
6.692756999999998584e-19
5.599809999999999402e-19
5.168526999999999607e-19
5.054905999999999733e-19
4.953590999999999937e-19
5.001968000000000061e-19
5.050118999999999968e-19
5.045322999999999589e-19
5.194926999999999713e-19
5.085257999999998945e-19
5.026694999999999929e-19
4.972075999999999689e-19
5.100015999999999526e-19
5.035889000000000083e-19
5.085849999999999404e-19
5.064467999999999728e-19
5.016277000000000090e-19
5.110055999999999589e-19
5.091969999999999761e-19
5.080996999999999311e-19
5.108272999999999127e-19
5.349034000000000353e-19
5.569360000000000462e-19
5.276696999999999164e-19
5.047934999999999017e-19
4.949640999999999469e-19
4.967215000000000227e-19
5.092744999999999859e-19
5.595344999999999018e-19
5.976276999999999219e-19
5.518481999999999491e-19
5.101564000000000120e-19
5.079122999999999170e-19
5.032167999999999715e-19
5.017173999999999948e-19
4.939560000000000354e-19
4.973047000000000205e-19
5.034067999999999490e-19
5.054841999999999969e-19
5.127252999999998929e-19
5.080643999999999849e-19
5.032262000000000240e-19
5.091620999999999502e-19
5.001738999999999960e-19
5.029700999999999796e-19
5.052667999999999914e-19
4.989214000000000676e-19
5.120757999999999642e-19
5.151999999999999626e-19
5.270844000000000001e-19
5.163675999999999116e-19
5.530201999999999842e-19
5.432271999999999008e-19
5.327525999999998826e-19
5.370839999999999303e-19
5.460936999999999810e-19
5.622274000000000102e-19
5.639682999999999560e-19
5.456148000000000444e-19
5.079150000000000048e-19
5.204689999999999613e-19
5.569253999999999440e-19
5.699959999999999790e-19
5.392079999999999353e-19
5.629254999999999788e-19
5.972915999999999326e-19
5.440984999999999210e-19
5.048828999999999954e-19
5.099837000000000052e-19
4.959057999999998993e-19
5.034562999999999540e-19
5.057896999999999218e-19
5.171791999999999374e-19
5.291388000000000097e-19
5.108284999999999624e-19
4.980595000000000036e-19
4.999629999999999951e-19
5.144297999999999673e-19
5.118106999999999802e-19
5.087728999999999993e-19
5.050100999999999703e-19
4.979839999999999804e-19
5.028119999999999519e-19
4.979299000000000255e-19
4.995416999999999417e-19
5.021290999999999392e-19
5.037325999999999207e-19
5.082854999999999752e-19
4.988537999999999625e-19
5.083095000000000068e-19
5.038911999999999932e-19
5.172027999999999524e-19
5.183997999999999161e-19
5.141021999999999691e-19
5.080667999999999881e-19
5.170495999999999593e-19
6.022822999999999780e-19
7.516014999999999523e-19
6.934104999999998857e-19
5.435758999999999789e-19
5.035330999999999588e-19
5.154579000000000335e-19
5.594346999999999549e-19
5.656729999999999905e-19
5.255974999999999876e-19
5.051650999999998936e-19
5.029775999999999775e-19
5.067982999999999744e-19
5.029553999999999723e-19
5.067449000000000244e-19
5.305564999999999471e-19
5.160828999999999820e-19
5.109659999999999549e-19
5.063101999999999454e-19
5.051880999999999319e-19
5.077384999999999850e-19
4.997997999999999727e-19
5.024892999999999883e-19
5.119330000000000169e-19
5.107670999999999698e-19
5.140892999999999882e-19
5.059500999999999245e-19
4.946994999999999113e-19
5.207311999999999937e-19
5.595943000000000207e-19
5.388575000000000233e-19
5.033661000000000197e-19
5.022510999999999875e-19
4.983140999999999136e-19
4.972229999999999811e-19
4.913437999999999732e-19
5.042831999999999638e-19
5.132039999999999657e-19
5.144142999999999268e-19
5.428894999999999415e-19
6.606965999999999816e-19
6.617965999999999218e-19
5.523133000000000361e-19
5.156967999999999429e-19
5.035256999999999892e-19
5.029699000000000195e-19
5.041042999999999408e-19
4.964742000000000541e-19
4.960821999999999872e-19
4.953254000000000175e-19
4.979045999999999159e-19
5.275313999999999870e-19
5.736261999999998574e-19
5.267756999999999425e-19
4.914293999999999575e-19
4.970174999999999632e-19
4.942596999999999339e-19
5.242811999999999671e-19
5.836433000000000073e-19
6.651426999999999436e-19
7.255993999999999410e-19
9.003785999999999708e-19
1.056677999999999887e-18
9.785246999999998758e-19
9.167893000000000680e-19
9.648248999999999589e-19
9.984118999999999097e-19
9.883969999999998029e-19
9.907068000000000446e-19
9.401988999999998945e-19
9.160756999999999626e-19
8.577656999999999239e-19
8.090840000000000044e-19
7.427746999999998977e-19
6.950938000000000446e-19
6.449004999999998835e-19
5.875491999999999720e-19
5.825471999999999157e-19
5.745556999999999302e-19
5.554023000000000202e-19
5.876589999999999481e-19
6.521435999999999586e-19
6.631216999999999218e-19
6.663952999999999965e-19
6.882659999999999668e-19
8.184331999999998483e-19
8.490538000000000327e-19
7.522571999999998971e-19
7.084928999999999465e-19
6.604409999999999819e-19
6.421828999999999311e-19
6.594374999999999241e-19
6.564746999999999216e-19
6.341579999999999578e-19
6.249680999999999024e-19
6.561648000000001032e-19
6.140079999999999148e-19
6.065661999999999110e-19
5.973993000000000865e-19
6.379452999999999669e-19
5.874433999999999691e-19
5.754521999999999354e-19
5.856818999999999881e-19
6.034198000000000037e-19
5.676948999999999774e-19
5.768353999999999597e-19
6.057816999999999249e-19
5.845439999999999458e-19
5.434081999999999386e-19
5.219360999999999718e-19
5.265791000000000286e-19
5.414039000000000069e-19
5.727249000000000385e-19
5.850150999999998963e-19
5.440334999999999718e-19
5.038575000000000170e-19
5.148183000000000095e-19
5.098414999999999383e-19
4.932318000000000204e-19
5.085731999999999810e-19
5.126003999999999892e-19
5.060979000000000309e-19
4.955905999999999335e-19
4.945952999999999747e-19
5.000564999999999938e-19
5.018860000000000002e-19
5.032780000000000040e-19
4.896020999999998979e-19
4.957105999999998990e-19
5.062492999999999976e-19
4.968598999999999803e-19
5.077375999999999236e-19
5.026759000000000656e-19
5.009792999999999093e-19
4.971782000000000505e-19
4.953035000000000007e-19
4.994624000000000017e-19
5.070759000000000191e-19
5.066798999999999789e-19
5.029105999999999454e-19
4.900721000000000194e-19
4.954955999999999929e-19
5.010708999999999497e-19
5.091336999999999289e-19
5.029846999999999587e-19
5.019755999999999577e-19
4.960492999999999479e-19
4.913523999999999925e-19
4.924255999999999777e-19
4.925016999999999776e-19
4.843739999999999812e-19
5.093220999999999363e-19
6.590651999999999272e-19
7.948803000000000297e-19
6.999300999999999508e-19
6.385406999999999406e-19
7.608969000000000222e-19
7.677070999999998521e-19
6.343647999999999573e-19
5.168539999999999424e-19
5.050059000000000370e-19
5.106721999999999612e-19
5.431871999999998802e-19
5.713230999999999656e-19
5.897010999999999536e-19
5.369331999999999403e-19
4.960414999999999617e-19
5.063049999999999225e-19
4.945450000000000328e-19
5.030860999999998756e-19
5.115806999999999822e-19
5.227958999999999246e-19
5.166545999999999125e-19
5.000142999999999302e-19
4.958345000000000020e-19
5.113598999999999802e-19
5.034900999999999584e-19
4.993082999999999472e-19
4.959974000000000360e-19
5.057532999999999542e-19
5.037576999999999738e-19
5.492322999999999984e-19
1.186870000000000026e-18
2.325094999999999799e-18
2.636890999999999969e-18
1.748077999999999921e-18
5.832667999999999808e-19
5.090669999999999814e-19
5.127672999999999963e-19
5.205536999999999806e-19
5.815961000000000071e-19
6.764943999999999816e-19
6.157159999999999175e-19
4.949459999999999431e-19
4.942815999999999507e-19
4.909167999999999484e-19
4.869142999999999768e-19
4.977844999999999223e-19
5.046444999999999381e-19
5.142713999999999512e-19
5.430149999999999182e-19
5.898953999999999889e-19
6.014824999999999116e-19
5.556764999999999721e-19
5.127329000000000152e-19
5.044421999999999566e-19
5.360404999999999481e-19
5.986550999999999832e-19
5.880465999999999290e-19
5.197086999999999670e-19
5.011735999999999445e-19
5.041197999999999813e-19
4.967400999999999750e-19
4.990329000000000419e-19
4.990437999999999399e-19
5.113400999999999782e-19
5.348156999999999398e-19
6.405317999999999030e-19
8.332216999999999835e-19
8.033111999999999761e-19
5.782151999999998913e-19
5.028969999999999596e-19
5.050998999999999843e-19
4.961277000000000190e-19
4.992144000000000282e-19
5.034818999999999556e-19
4.984789000000000023e-19
5.112256999999999559e-19
5.151173999999999581e-19
6.108845999999999496e-19
6.736114999999998958e-19
5.811013000000000134e-19
5.187067000000000435e-19
5.151610000000000316e-19
5.239692999999999695e-19
5.451803999999999537e-19
5.450059999999999487e-19
5.112736999999999229e-19
5.243585999999999487e-19
6.877573000000000952e-19
9.329340000000000233e-19
8.471942999999999387e-19
5.878098999999999663e-19
5.109554999999999772e-19
5.088655999999999649e-19
5.066075999999998957e-19
5.105724000000000143e-19
5.098718000000000143e-19
5.030819000000000386e-19
4.982412999999999783e-19
5.057076999999999904e-19
5.023895000000000414e-19
5.026816999999999689e-19
5.104496999999999610e-19
5.066123999999999984e-19
5.757455999999999126e-19
6.612432999999999834e-19
6.064763999999999933e-19
5.013344999999999920e-19
4.948106999999999936e-19
5.045463999999999895e-19
5.154845999999999603e-19
5.437790999999999256e-19
5.696620000000000045e-19
6.175198999999999223e-19
8.369595999999999195e-19
9.574424999999998649e-19
7.472074999999999585e-19
5.305396999999999250e-19
5.444114000000000081e-19
5.778958000000000885e-19
6.723987999999999315e-19
7.018519999999999344e-19
5.668395000000000143e-19
5.064609999999999354e-19
5.000269999999999510e-19
5.275104999999999635e-19
5.966771999999998937e-19
6.082326999999999514e-19
6.960538999999999891e-19
7.345179999999999961e-19
6.007728999999999720e-19
5.161314999999999256e-19
5.054477000000000010e-19
5.184485999999999162e-19
5.497231000000000189e-19
6.323770999999999914e-19
6.044651999999998480e-19
6.050934000000000254e-19
5.938914000000000522e-19
5.379604000000000414e-19
5.192065999999999356e-19
5.106319000000000485e-19
5.359598999999999302e-19
6.575148000000000036e-19
7.616519999999998974e-19
6.586587000000000057e-19
5.334179000000000326e-19
5.195437999999999464e-19
5.112930999999999083e-19
5.044472999999999512e-19
5.142254000000000672e-19
5.102455999999999530e-19
5.062619999999999220e-19
4.912072999999999739e-19
4.954330999999999788e-19
5.043823999999999340e-19
5.051506999999999709e-19
5.184928999999999946e-19
5.112359999999999735e-19
4.999873000000000150e-19
5.080483999999999960e-19
5.948166999999999027e-19
8.915004999999997885e-19
1.094295999999999859e-18
9.148636999999998107e-19
5.653704999999999492e-19
5.195465999999999661e-19
5.548223999999999907e-19
6.923309000000000205e-19
7.895614000000000094e-19
6.655071999999999543e-19
5.230370999999999053e-19
5.052786999999999790e-19
5.125729999999999611e-19
5.092405999999999533e-19
5.053602999999998939e-19
5.873795999999999733e-19
6.998692999999999349e-19
6.466665999999999106e-19
5.371704000000000441e-19
5.182264000000000007e-19
5.073359000000000084e-19
4.969729999999999247e-19
5.124234999999999528e-19
5.153807999999999439e-19
5.112962999999999446e-19
5.020796999999999624e-19
5.142195000000000393e-19
5.217557000000000070e-19
5.198349999999999768e-19
5.485079999999999552e-19
6.413756999999998951e-19
6.527826000000000058e-19
5.387840999999999186e-19
5.117688999999999331e-19
5.044272999999999891e-19
5.126077999999999588e-19
5.038781999999999841e-19
5.034745999999999179e-19
4.976166999999999500e-19
5.050690000000000278e-19
5.009027999999999891e-19
5.685285999999999802e-19
8.525927999999999836e-19
9.923300999999999318e-19
7.655164999999999279e-19
5.542185999999999577e-19
5.374014000000000354e-19
5.191915999999999399e-19
5.114474000000000192e-19
5.123297999999999938e-19
5.212149999999999649e-19
5.215834999999999487e-19
5.562660999999999462e-19
5.780045999999999751e-19
6.597551999999998249e-19
7.201019999999999143e-19
6.144051999999999083e-19
5.166810999999999755e-19
5.129260999999999327e-19
5.184249000000000655e-19
5.107258999999999958e-19
5.195320999999999189e-19
5.161635999999999318e-19
5.296195999999999047e-19
6.124854000000000358e-19
8.974117999999999952e-19
1.034217000000000034e-18
7.688974999999999756e-19
5.330944999999999678e-19
5.216312999999999555e-19
5.191765000000000123e-19
5.170304000000000303e-19
5.137478000000000159e-19
5.314535999999999290e-19
5.220844000000000267e-19
5.120944000000000128e-19
5.165646999999999666e-19
5.048669999999999383e-19
5.034134999999999136e-19
5.145504999999999377e-19
5.230821999999999205e-19
5.510830999999999485e-19
6.472556999999998399e-19
6.331598999999999792e-19
5.496567999999999917e-19
5.167440999999999381e-19
5.318456999999999279e-19
5.440383000000000744e-19
5.330039000000000170e-19
5.187774999999999923e-19
5.778732999999999987e-19
7.961858000000000841e-19
8.884345999999999672e-19
7.051476999999999861e-19
5.565881999999999332e-19
5.411098000000000248e-19
5.314735999999999875e-19
5.271759999999999442e-19
5.196167999999999382e-19
5.212808999999999754e-19
5.235771999999999707e-19
5.170030999999999341e-19
5.115011999999999858e-19
5.219237000000000357e-19
5.210832999999999720e-19
5.161547000000000204e-19
5.102975999999998931e-19
5.035484999999999711e-19
5.138512999999999476e-19
5.144605999999998955e-19
5.310882999999999815e-19
5.397560999999999470e-19
5.940528000000000481e-19
6.330219000000000382e-19
5.457448999999999710e-19
5.197083999999999786e-19
5.201199000000000592e-19
5.213461999999999130e-19
5.175589000000000002e-19
5.379112999999999567e-19
6.656773000000000940e-19
7.250514999999999857e-19
6.247850999999999743e-19
5.309325999999999570e-19
5.126503999999999427e-19
5.202113999999999751e-19
5.152340000000000234e-19
5.161316999999999821e-19
5.150207999999999513e-19
5.171237999999999045e-19
5.240867999999999036e-19
5.085320999999999389e-19
5.235439000000000111e-19
5.382699000000000358e-19
5.272670999999999398e-19
5.145262000000000140e-19
5.251471000000000042e-19
5.149860999999999818e-19
5.408188999999999827e-19
5.273816999999999222e-19
5.189196999999999629e-19
5.229103999999999751e-19
5.083635999999999617e-19
5.116794000000000038e-19
5.156037999999999889e-19
5.338381999999999001e-19
5.683634999999999995e-19
5.519048000000000317e-19
5.119196999999999231e-19
5.090173000000000163e-19
5.106759999999999742e-19
5.189227000000000391e-19
5.671550999999999004e-19
6.125571999999999779e-19
5.846614000000000443e-19
5.209101999999999486e-19
5.119509999999998961e-19
5.163140000000000015e-19
5.114468999999999745e-19
5.232760999999999392e-19
5.102246999999999294e-19
4.991691999999999847e-19
5.068573999999999921e-19
5.133342999999999487e-19
5.162826999999999322e-19
5.133247999999999643e-19
5.045845999999998873e-19
5.100872000000000332e-19
5.062313999999999539e-19
4.976645999999998887e-19
5.080222999999999496e-19
5.097412999999999748e-19
5.108900999999999151e-19
5.187576999999999903e-19
5.203042999999999008e-19
5.167488000000000125e-19
5.349711999999999079e-19
5.487904999999999380e-19
5.615548000000000150e-19
5.616972999999999740e-19
5.453305999999999670e-19
5.451766999999999689e-19
5.702589999999999483e-19
5.764256999999999056e-19
5.647039999999999420e-19
5.533395999999999796e-19
5.452023999999999987e-19
5.462328999999999718e-19
5.926257999999999901e-19
6.141657999999999541e-19
5.974138000000000374e-19
5.676965999999998794e-19
5.557310999999999718e-19
5.597654999999999894e-19
5.818203000000000055e-19
5.835523999999999718e-19
5.634103999999999715e-19
5.528874999999999980e-19
5.452303000000000716e-19
5.601558000000000581e-19
5.990208000000000435e-19
6.156675999999999340e-19
6.189940999999999140e-19
5.905126999999998831e-19
5.662365999999999465e-19
5.609320000000000132e-19
5.933799000000000646e-19
5.944272999999999917e-19
5.667006999999999439e-19
5.404378999999999383e-19
5.388753999999999707e-19
5.451260999999999424e-19
5.762691999999999442e-19
6.152038000000000213e-19
6.125324999999999414e-19
5.827760999999998922e-19
5.537453000000000605e-19
5.342726999999999227e-19
5.404055999999999720e-19
5.372878999999999782e-19
5.397000000000000056e-19
5.828384999999999744e-19
5.909390999999999312e-19
5.742354999999999979e-19
5.707663000000000026e-19
5.459454999999999543e-19
5.432875999999999001e-19
5.398044999999999305e-19
5.505845999999999700e-19
5.675110999999999199e-19
5.704064999999999700e-19
5.592422999999999744e-19
5.403269000000000088e-19
5.295346999999999253e-19
5.292806999999999920e-19
5.259288000000000669e-19
5.235997999999999924e-19
5.286189999999999911e-19
5.340462999999999776e-19
5.306004999999999409e-19
5.314639000000000429e-19
5.200888999999999782e-19
5.156798999999999888e-19
5.340270999999999523e-19
5.505190999999999760e-19
5.326307999999999870e-19
5.161570999999999272e-19
5.203413999999999698e-19
5.310585999999999785e-19
5.642406999999998815e-19
5.706825999999998803e-19
5.649540999999999304e-19
6.035348999999999347e-19
6.397708000000000000e-19
6.730796999999999577e-19
6.657966999999998902e-19
5.955676999999998728e-19
5.730078999999999699e-19
5.472544000000000052e-19
5.247400999999999416e-19
5.133075999999999256e-19
4.967939999999999698e-19
5.107717000000000160e-19
5.013167999999999085e-19
5.340649000000000262e-19
5.525826999999998854e-19
5.455769999999999705e-19
5.192332999999999587e-19
4.964880999999999320e-19
4.925451999999999266e-19
4.984244000000000308e-19
4.941969000000000277e-19
4.953415999999999666e-19
4.906750999999999229e-19
5.016647000000000497e-19
5.235764000000000338e-19
5.262571999999999056e-19
5.177105999999999552e-19
5.229134000000000513e-19
5.114770999999999260e-19
5.176497999999999393e-19
4.957772999999999427e-19
5.182129000000000431e-19
5.081282999999999126e-19
4.939240999999999894e-19
5.020923999999999831e-19
4.876460999999999216e-19
4.928124000000000217e-19
5.187830000000000035e-19
5.187970000000000059e-19
5.112252999999999394e-19
5.443320999999999718e-19
5.701401999999999362e-19
6.470569999999999112e-19
6.865529999999999012e-19
7.215902999999999367e-19
8.497398999999999854e-19
7.989325999999998983e-19
5.814767999999999503e-19
5.533466999999999608e-19
6.924800999999999442e-19
9.065422999999999483e-19
1.055476000000000053e-18
8.262066999999998517e-19
5.699651000000000226e-19
5.479418999999999678e-19
5.270173999999999680e-19
6.263124000000000240e-19
7.096534999999999425e-19
7.895834000000000544e-19
9.801872000000000393e-19
8.978029999999998364e-19
5.905999999999999620e-19
5.121981999999999329e-19
5.153342999999999188e-19
5.554649000000000626e-19
5.509635999999999315e-19
4.944492999999999910e-19
4.973454000000000461e-19
6.193751999999998903e-19
6.837993999999999978e-19
5.959961999999999356e-19
5.595473000000000471e-19
5.271473000000000307e-19
5.016977999999999529e-19
5.139967999999999827e-19
5.118900999999999483e-19
5.182670999999999299e-19
5.439189999999999213e-19
6.039368000000000026e-19
5.584293000000000350e-19
4.830116999999999803e-19
4.526795999999999313e-19
4.447477999999999401e-19
4.634749000000000228e-19
4.729036999999999876e-19
4.861702999999999598e-19
5.351330000000000167e-19
5.745499000000000269e-19
5.023252000000000009e-19
4.729456999999999948e-19
4.953732999999999562e-19
4.982729999999999678e-19
4.895711000000000096e-19
5.243694000000000110e-19
7.838189999999999890e-19
1.298291000000000020e-18
1.540421999999999953e-18
1.125790999999999975e-18
5.403634000000000047e-19
4.889507000000000109e-19
5.101462999999999546e-19
6.124754999999999385e-19
8.360910999999999191e-19
7.923775000000000233e-19
5.499258999999999490e-19
4.678022999999999047e-19
5.386745999999999309e-19
5.944204999999999988e-19
5.662638000000000144e-19
5.379673999999999945e-19
5.155945999999998965e-19
5.710989999999999954e-19
6.303448999999999869e-19
5.450356000000000198e-19
4.664576999999999874e-19
4.563897999999999471e-19
4.556492999999999548e-19
4.648626999999999970e-19
5.010101999999999620e-19
5.783695999999999342e-19
5.706475999999999225e-19
4.807937000000000280e-19
4.576381999999999705e-19
4.737632999999999803e-19
5.143938000000000161e-19
6.460862000000000289e-19
7.648600999999998819e-19
6.488115999999998711e-19
4.722149999999999752e-19
4.511587999999999825e-19
4.435902000000000203e-19
4.516194999999999834e-19
4.989065000000000038e-19
6.104711999999999106e-19
6.366504999999999466e-19
5.374074999999999270e-19
4.689647000000000234e-19
4.818095999999999257e-19
7.955530999999998887e-19
1.241149999999999940e-18
1.206526999999999812e-18
7.693649999999998732e-19
4.695806999999999360e-19
4.689426999999999784e-19
4.501544999999999877e-19
4.540475999999999035e-19
4.658755999999999148e-19
4.426849999999999675e-19
4.622741999999999780e-19
5.198038999999999640e-19
6.569311999999998930e-19
7.309325999999999520e-19
8.415767999999999183e-19
7.564644999999999779e-19
5.292320000000000201e-19
4.574671999999999619e-19
4.626545000000000175e-19
4.678522000000000226e-19
4.770887000000000350e-19
4.742549999999999659e-19
4.755459000000000412e-19
4.646614000000000087e-19
5.253901999999999432e-19
9.546018000000000353e-19
1.367457999999999939e-18
1.207929999999999935e-18
7.137331000000000036e-19
4.837909000000000116e-19
4.767189000000000696e-19
5.678378999999999812e-19
7.021515999999999278e-19
6.056863000000000640e-19
4.836344999999999821e-19
4.523746999999999831e-19
4.552909000000000284e-19
4.771545999999999493e-19
5.680800999999999552e-19
6.695421999999998523e-19
5.899408999999999244e-19
4.840220999999999630e-19
4.897527999999999560e-19
6.709891000000000368e-19
8.169082999999999945e-19
6.558877999999999390e-19
4.703137999999999587e-19
4.589766999999999961e-19
4.563187999999999419e-19
4.549624999999999971e-19
4.598171999999999918e-19
4.679692000000000082e-19
4.829275999999999378e-19
7.405355999999999617e-19
1.126809999999999977e-18
1.175965000000000082e-18
8.507351999999999442e-19
5.565698999999999692e-19
4.567024999999999778e-19
4.536833999999999775e-19
4.512705999999999451e-19
4.673107999999999756e-19
4.792127999999999720e-19
4.641830000000000206e-19
4.513453999999999634e-19
4.446639000000000502e-19
4.527177999999999254e-19
4.492159999999999754e-19
4.526109999999999292e-19
4.479641999999999556e-19
4.602210999999999500e-19
4.613940999999999784e-19
4.551735999999999582e-19
4.621914999999999453e-19
4.561436000000000000e-19
4.735855999999999108e-19
6.114203999999999571e-19
6.887826999999999773e-19
5.866853999999999497e-19
4.596731999999999947e-19
4.409516000000000195e-19
4.564618999999999739e-19
5.348831999999999204e-19
7.280478000000000042e-19
8.035841999999998783e-19
8.064789000000000197e-19
8.905629999999998657e-19
7.149453000000001157e-19
4.789124999999999737e-19
4.513319000000000058e-19
4.440905000000000252e-19
4.403804999999999695e-19
4.519984000000000130e-19
4.354854999999999659e-19
4.419600000000000157e-19
4.536020999999999547e-19
4.499087999999999891e-19
4.498134000000000320e-19
4.567958000000000165e-19
4.539911999999999736e-19
4.484367000000000122e-19
4.490917000000000484e-19
4.475685000000000001e-19
4.534314999999999627e-19
4.504324999999999527e-19
4.748520000000000060e-19
4.556157000000000069e-19
4.521626999999999606e-19
4.403625999999999258e-19
4.454573999999999760e-19
4.439625999999999491e-19
4.405115999999998894e-19
4.912325999999998909e-19
5.490423999999999529e-19
5.000620999999999370e-19
4.269514999999999599e-19
4.634340999999999691e-19
6.819946000000000280e-19
8.745581999999999060e-19
7.379886999999999333e-19
6.008236999999999587e-19
6.737980999999998768e-19
5.929675999999999508e-19
4.777817999999999409e-19
4.591265999999999248e-19
4.483044000000000425e-19
4.463045000000000044e-19
4.376570999999999212e-19
4.385527000000000577e-19
4.403332999999999394e-19
4.512995999999999432e-19
4.482593999999999592e-19
4.528204999999999202e-19
4.470219999999999584e-19
4.473500999999999050e-19
4.416320999999999328e-19
4.591989000000000080e-19
4.391174000000000351e-19
4.490779000000000061e-19
4.382514000000000661e-19
4.494407000000000185e-19
4.524800999999999694e-19
4.588785999999999512e-19
4.701297000000000091e-19
5.121908999999999914e-19
5.238275000000000155e-19
4.862641999999999752e-19
4.735594999999999606e-19
4.763395999999999271e-19
4.647540999999999744e-19
4.500215000000000132e-19
4.612789000000000192e-19
5.064177999999999748e-19
5.168802000000000170e-19
4.791565999999999060e-19
4.537836999999999692e-19
4.558408999999999985e-19
4.465742000000000346e-19
4.901331999999999274e-19
6.807006999999999728e-19
9.792965999999998694e-19
9.236693999999999779e-19
6.276488999999999667e-19
4.648396999999999587e-19
4.597378999999999555e-19
4.625542000000000258e-19
4.692982999999998850e-19
4.592634999999999406e-19
4.672522999999999346e-19
4.750904999999999951e-19
4.821807000000000654e-19
4.897115999999999820e-19
4.947945999999999764e-19
5.159279999999998943e-19
5.548714999999999791e-19
5.690955000000000006e-19
5.902924999999999542e-19
5.989709999999999539e-19
6.001095999999999048e-19
6.379914999999999074e-19
6.475010999999998502e-19
6.751597999999999972e-19
6.865185999999999201e-19
6.785680000000000165e-19
7.017265999999998896e-19
7.191830000000000119e-19
6.762871999999999655e-19
6.878818000000000786e-19
7.107007000000000058e-19
6.530574999999999626e-19
6.478267999999999863e-19
6.651416999999998540e-19
5.887448999999999540e-19
5.797305000000000215e-19
5.858913000000000473e-19
5.489139999999999282e-19
5.125800000000000104e-19
4.767794000000000008e-19
4.752607999999999987e-19
5.412224999999999526e-19
5.794106999999999132e-19
5.969966999999999173e-19
6.801205999999998868e-19
6.968824000000000652e-19
6.194729000000000150e-19
6.315146999999998826e-19
7.357860999999998970e-19
7.223489000000000291e-19
6.218823999999999828e-19
6.704864999999999606e-19
7.811523999999999835e-19
7.074254999999998647e-19
6.938509000000000325e-19
1.046662999999999944e-18
1.289976000000000038e-18
9.591733999999998777e-19
6.022426999999999740e-19
6.308576999999999562e-19
7.120126999999998722e-19
6.747999999999999646e-19
5.301270999999999192e-19
5.479266999999999157e-19
6.434824000000000258e-19
6.452144999999999921e-19
5.383618999999999965e-19
4.970091000000000003e-19
5.807266999999999453e-19
6.072705999999999239e-19
5.641484999999999606e-19
4.967758999999999660e-19
5.135140999999999368e-19
5.573389000000000111e-19
5.493789999999999870e-19
4.819256000000000143e-19
4.574555999999999627e-19
4.883160000000000215e-19
5.167181000000000162e-19
5.053645999999999517e-19
4.669205999999999351e-19
4.750455000000000080e-19
4.812560999999999309e-19
4.920159999999999518e-19
5.084363999999999934e-19
5.014187999999999947e-19
4.795986999999999547e-19
4.772657999999999353e-19
4.891729000000000227e-19
4.936461999999999564e-19
5.117504000000000091e-19
4.796158999999999934e-19
4.662733999999999814e-19
4.775252999999999762e-19
4.810785999999999178e-19
4.730252999999999231e-19
4.616939999999999601e-19
4.663538999999999710e-19
4.609349999999999474e-19
4.694322000000000173e-19
4.696503999999999596e-19
4.600900999999999620e-19
4.630162000000000084e-19
4.675012999999999978e-19
4.734936999999999783e-19
4.997283000000000190e-19
4.982895999999999335e-19
4.728677000000000365e-19
4.680630999999999272e-19
4.759029999999999860e-19
4.858714999999999996e-19
4.826678999999999368e-19
4.776027999999999860e-19
4.702459999999999898e-19
4.810310999999999957e-19
4.731860000000000104e-19
4.720960000000000031e-19
4.684778999999999761e-19
4.657546999999999843e-19
4.651839000000000189e-19
4.817045000000000240e-19
4.887400999999999983e-19
5.557798999999999719e-19
9.122060000000000054e-19
1.308749999999999873e-18
1.080945999999999849e-18
6.269022999999999864e-19
4.705039999999999926e-19
4.622553999999999693e-19
4.808603999999999755e-19
5.733380999999999314e-19
7.166615999999998606e-19
8.491021999999999199e-19
1.036199999999999925e-18
8.995898000000000232e-19
6.090619999999999644e-19
6.328201000000000051e-19
8.727303000000000623e-19
1.140245999999999988e-18
1.049822999999999933e-18
7.120561999999999174e-19
4.966887999999999436e-19
4.825842000000000071e-19
5.004799000000000620e-19
6.876970999999999597e-19
8.852836999999998494e-19
1.089450999999999905e-18
1.162326999999999886e-18
8.663329000000000057e-19
5.173525999999999491e-19
4.755955999999999101e-19
4.709058999999999642e-19
4.649310999999999427e-19
4.746474999999999814e-19
4.738092000000000287e-19
5.006825999999999639e-19
6.658143999999999737e-19
8.086527999999999501e-19
6.883414999999998937e-19
4.963652000000000149e-19
4.718142999999999570e-19
4.798741999999999845e-19
4.716947000000000081e-19
4.635541999999999627e-19
4.800332999999999092e-19
4.727209000000000197e-19
4.742516999999999977e-19
4.648362000000000303e-19
4.527234999999999931e-19
4.453858999999999259e-19
4.463107999999999525e-19
4.858983999999999829e-19
5.097423999999999963e-19
5.031433999999999631e-19
4.673982999999999183e-19
4.717989999999999730e-19
4.667215999999999217e-19
4.807971999999999564e-19
4.698803000000000257e-19
4.679712999999999267e-19
4.820984999999999812e-19
4.774958000000000296e-19
4.900224999999999862e-19
5.687395999999999130e-19
9.557568000000000881e-19
1.641919999999999965e-18
1.936459000000000043e-18
1.484014999999999957e-18
6.780145000000000217e-19
5.448805999999999039e-19
5.875208000000000470e-19
6.238641999999999209e-19
7.971090999999999481e-19
1.123102999999999901e-18
1.013197999999999945e-18
6.397164999999998924e-19
4.834797999999999509e-19
4.728596999999999938e-19
4.804630000000000218e-19
4.971364000000000035e-19
5.439514999999999440e-19
5.346330999999999320e-19
5.269024999999999972e-19
6.443139000000000818e-19
7.421611999999998239e-19
6.341374999999999508e-19
4.916543999999999891e-19
4.732482000000000361e-19
4.758232000000000012e-19
4.764021999999999694e-19
4.804273999999999909e-19
4.918924000000000297e-19
6.732677999999999767e-19
1.169908999999999874e-18
1.649093999999999994e-18
1.214058999999999943e-18
6.840885000000000135e-19
7.187018000000000040e-19
9.654118999999999698e-19
8.681002999999999182e-19
5.508199000000000191e-19
4.791875999999999870e-19
4.686690999999999069e-19
4.733713000000000097e-19
4.838288000000000174e-19
4.737259000000000193e-19
4.710132000000000052e-19
4.673967999999999765e-19
4.664039999999999528e-19
4.726555999999999858e-19
4.981022999999999476e-19
7.778401999999998980e-19
1.378532999999999897e-18
1.706101999999999906e-18
1.287878999999999948e-18
6.223989000000000332e-19
5.226116999999999468e-19
4.925729000000000393e-19
4.844994999999999579e-19
4.819464000000000096e-19
4.941839999999999505e-19
4.925895999999999369e-19
4.920200999999999531e-19
4.881424999999999816e-19
4.945180999999999533e-19
6.297341999999999328e-19
9.910004000000000782e-19
1.052161999999999941e-18
7.715586999999999018e-19
5.217179000000000294e-19
5.044881999999999369e-19
5.137833999999999504e-19
5.044848999999999687e-19
5.019162999999999799e-19
4.890256999999999893e-19
5.104607999999999154e-19
5.173033000000000005e-19
5.333391999999998768e-19
8.112905999999999176e-19
1.434962999999999835e-18
1.842526000000000036e-18
1.388505999999999736e-18
6.595279999999999430e-19
5.111458999999999712e-19
5.218039999999999623e-19
5.027830999999999821e-19
5.308738000000000240e-19
5.184427999999999166e-19
5.009771999999999908e-19
4.871915000000000049e-19
4.958799000000000056e-19
4.933944999999999980e-19
4.992664999999999965e-19
4.961548999999999906e-19
4.998864000000000466e-19
4.918600000000000352e-19
4.895588000000000054e-19
5.590975999999999724e-19
8.659380999999998227e-19
1.035432999999999966e-18
7.885972999999998991e-19
5.006668999999999633e-19
4.718889000000000152e-19
4.703380999999998824e-19
4.753997000000000011e-19
4.701527999999999794e-19
5.039442000000000228e-19
5.492775000000000418e-19
6.057274000000000098e-19
9.252955999999999131e-19
1.435178999999999927e-18
1.519820999999999950e-18
1.034527999999999970e-18
5.873091999999999448e-19
5.709055999999999252e-19
5.672726000000000271e-19
5.707824000000000198e-19
5.421005999999999657e-19
5.234276999999999623e-19
5.033130999999998938e-19
5.410790000000000003e-19
5.828621999999999214e-19
5.835199999999999773e-19
5.668750000000000170e-19
5.426464000000000025e-19
5.187967000000000176e-19
5.076388999999999983e-19
5.336619000000000330e-19
5.786134000000000708e-19
5.881425999999999592e-19
5.595081999999998953e-19
5.179477999999999627e-19
5.446800999999999487e-19
6.951324999999999872e-19
1.159586999999999776e-18
1.395685000000000020e-18
1.009276999999999957e-18
7.541241999999998926e-19
6.807141999999998341e-19
5.848599000000000128e-19
5.473190999999999660e-19
5.633134999999999762e-19
5.765467999999999889e-19
6.136960999999999172e-19
1.049977999999999953e-18
1.514477999999999870e-18
1.252586999999999974e-18
7.756388000000001040e-19
5.728214000000000172e-19
5.813809000000000447e-19
5.689260000000000302e-19
5.525399999999999696e-19
5.420021999999999323e-19
6.464097999999999576e-19
1.122074999999999863e-18
1.861908000000000031e-18
2.294419999999999767e-18
1.685141000000000007e-18
8.100665999999999425e-19
5.729972999999999640e-19
5.441606999999999467e-19
5.494829999999999634e-19
5.675699999999999774e-19
5.655722999999999823e-19
5.751134000000000509e-19
5.692229000000000320e-19
5.500053000000000134e-19
5.417260999999999258e-19
5.211569999999999687e-19
4.914222999999999763e-19
5.093522999999999841e-19
5.354081999999999619e-19
5.408820999999999055e-19
5.888289999999999966e-19
7.698066999999998090e-19
7.669457999999999608e-19
6.087743999999999868e-19
5.215168000000000013e-19
5.103519000000000007e-19
5.365519000000000038e-19
5.691598999999999731e-19
5.672833999999999932e-19
6.214488000000000216e-19
8.701408000000000500e-19
9.740271999999999504e-19
7.553935999999999677e-19
5.613803000000000781e-19
5.361822999999999985e-19
5.603495000000000204e-19
5.815502999999999869e-19
5.723018000000000550e-19
5.800158999999999560e-19
5.569471999999999326e-19
5.763901999999999030e-19
6.333489999999998953e-19
8.277762999999999932e-19
2.338732999999999803e-18
8.063295000000000204e-18
1.550847999999999777e-17
2.395224000000000005e-17
1.528079999999999961e-17
5.096800999999999231e-18
8.449904000000000170e-19
6.331863999999999459e-19
5.908979999999998891e-19
5.869284999999999850e-19
5.747397999999999761e-19
5.240453999999999695e-19
4.702841999999999839e-19
4.862197999999999648e-19
5.445165999999999380e-19
5.881507999999999619e-19
5.635373000000000544e-19
5.170720999999999528e-19
4.901460999999999083e-19
5.092620000000000216e-19
5.398585999999998854e-19
5.796675999999999908e-19
6.371068999999999860e-19
6.080163999999999674e-19
5.444531999999999588e-19
5.588381999999998634e-19
5.602753000000000751e-19
5.308888999999999516e-19
4.980324999999999921e-19
6.090569999999999979e-19
7.715526999999999421e-19
7.653620999999998850e-19
5.981416999999999409e-19
4.906755999999999677e-19
4.764119000000000103e-19
5.166701999999999812e-19
5.726608999999999863e-19
5.705891999999999097e-19
5.792428999999999410e-19
5.876488000000000551e-19
5.775855999999998966e-19
5.452892999999999647e-19
4.953537999999999426e-19
4.801379999999999869e-19
5.261188999999999762e-19
5.802347999999999996e-19
6.215440000000000186e-19
5.951111999999999977e-19
5.852445999999999458e-19
5.836921999999999393e-19
5.555171999999998947e-19
5.133263000000000024e-19
4.947600999999999671e-19
4.974750999999999561e-19
5.437571999999999088e-19
5.514385999999999232e-19
5.049499000000000274e-19
4.616962000000000031e-19
4.910329999999999008e-19
5.680210999999999657e-19
5.704171999999999079e-19
5.718848000000000594e-19
5.732121999999999381e-19
5.682240000000000203e-19
5.820338999999999980e-19
5.838735999999999937e-19
5.766023000000000499e-19
5.783025999999999021e-19
5.728293999999999635e-19
5.890126999999999296e-19
5.750660999999998963e-19
5.441541999999999422e-19
5.170229000000000325e-19
5.141800999999998992e-19
5.804849999999999199e-19
6.169834000000000060e-19
6.284270999999999084e-19
6.789298999999999676e-19
6.543928999999999802e-19
5.896571999999999881e-19
5.829673999999999476e-19
5.934495999999999919e-19
5.643084000000000148e-19
5.635170000000000076e-19
5.676440999999999908e-19
5.722969000000000204e-19
5.332421000000000178e-19
5.102559999999999025e-19
4.928585000000000303e-19
5.252093999999999619e-19
5.561751999999999108e-19
5.739639000000000093e-19
5.874399000000000407e-19
5.789048999999999933e-19
5.750440999999999476e-19
5.453258999999999889e-19
5.456833000000000182e-19
5.653919999999999494e-19
5.992980999999999072e-19
6.003096999999999397e-19
5.916694999999999623e-19
5.903467999999999655e-19
5.632483999999999988e-19
5.820538000000000282e-19
5.508888000000000095e-19
5.449340999999999784e-19
5.822706999999999889e-19
6.079521999999998588e-19
6.019048000000000545e-19
6.076450999999998675e-19
6.060724000000000069e-19
6.222881999999998994e-19
5.960690999999999955e-19
5.852544000000000149e-19
5.714373999999999597e-19
6.354330999999999079e-19
6.835305999999999326e-19
6.603911999999998923e-19
6.093250999999999618e-19
5.996058000000000678e-19
6.018316000000000063e-19
6.443460999999999236e-19
6.384773999999999897e-19
6.072216999999999919e-19
6.200341999999999960e-19
5.981280000000000232e-19
6.257741999999999169e-19
6.829488000000000410e-19
7.716823999999999484e-19
1.215404000000000070e-18
2.010449999999999575e-18
2.819041000000000190e-18
2.048800999999999734e-18
9.920343999999998834e-19
6.197727999999999968e-19
5.934421999999999259e-19
5.864855999999999032e-19
5.880341999999998966e-19
5.751364999999999248e-19
5.561645999999999048e-19
5.595044999999999105e-19
5.734564999999999268e-19
5.878520000000000017e-19
5.781494000000000053e-19
5.581183000000000025e-19
5.654964000000000388e-19
6.158845999999999230e-19
6.239720999999999387e-19
6.142130999999999161e-19
6.130845999999999263e-19
6.046038000000000546e-19
6.131388999999999376e-19
6.080798000000000429e-19
6.008389999999999427e-19
5.975881999999998498e-19
5.892399999999999361e-19
5.823982999999999804e-19
6.013666999999998794e-19
6.257406999999999009e-19
6.353031999999999415e-19
6.377666000000000003e-19
6.535207999999999269e-19
6.186234999999999154e-19
6.048149000000000157e-19
6.097414999999999807e-19
6.136813000000000743e-19
5.930955999999999589e-19
6.088071999999999016e-19
6.521849999999999890e-19
6.828279000000000142e-19
7.362076999999999387e-19
8.427151999999999091e-19
8.685023000000001106e-19
8.047560999999999814e-19
7.542215000000000007e-19
8.300988999999998987e-19
9.496467000000000207e-19
1.014066999999999991e-18
9.609100999999999865e-19
8.787818999999999924e-19
8.834456999999998520e-19
9.008016999999999544e-19
9.704901999999998898e-19
1.093603999999999878e-18
1.176484999999999869e-18
1.140933999999999995e-18
1.173409999999999983e-18
1.207538999999999958e-18
1.231632000000000034e-18
1.302288000000000077e-18
1.310349999999999926e-18
1.316579999999999738e-18
1.471356000000000031e-18
1.782723000000000094e-18
2.330975999999999929e-18
2.744768999999999943e-18
2.107947999999999840e-18
1.952624999999999654e-18
2.335920999999999790e-18
2.832425999999999676e-18
3.590178999999999823e-18
3.032107999999999782e-18
2.604059999999999762e-18
1.971143999999999948e-18
1.525257999999999977e-18
1.563864999999999960e-18
2.621715999999999971e-18
4.909801999999999661e-18
5.245965999999999315e-18
2.447225999999999985e-18
1.497151000000000054e-18
1.253034999999999858e-18
1.195122999999999846e-18
1.345831999999999974e-18
1.583994999999999752e-18
2.036835999999999968e-18
2.294806000000000067e-18
2.133715999999999948e-18
2.292089999999999796e-18
2.380157999999999950e-18
1.716641999999999890e-18
1.534023999999999919e-18
2.424736000000000038e-18
4.879336999999999569e-18
4.300764999999999625e-18
2.272434999999999803e-18
1.227547999999999887e-18
9.491589999999999120e-19
1.264764999999999949e-18
