4.305237999999999956e-18
-4.467748999999999691e-18
-1.036968999999999871e-18
9.131769000000000124e-20
4.517771999999999753e-18
1.003111999999999998e-18
1.409222999999999924e-18
2.751614000000000252e-19
2.745040000000000148e-18
1.726885000000000037e-18
4.114746000000000030e-18
1.300965999999999892e-18
1.497966999999999781e-18
1.829425000000000090e-19
2.328707999999999735e-19
1.599263999999999890e-18
3.593210000000000003e-18
2.613020000000000137e-18
2.499942999999999887e-18
9.570959000000000904e-19
3.372961999999999756e-18
1.880789999999999912e-18
1.170709999999999990e-18
3.983167999999999943e-18
6.212768999999999516e-19
-3.822861000000000061e-19
5.126740999999999089e-18
3.400024999999999748e-18
9.364214999999999826e-19
2.595972999999999984e-18
2.199297999999999743e-18
2.839931999999999981e-18
3.086516999999999891e-18
5.683759000000001281e-19
2.563448000000000228e-18
-1.346639999999999754e-18
1.717022999999999935e-18
-4.770037999999999593e-19
-3.426342999999999995e-20
1.932062999999999870e-18
2.083628999999999931e-18
7.317478999999999626e-19
3.363391999999999814e-18
-2.065719999999999927e-19
9.452012999999999673e-19
2.303717000000000096e-18
3.064494999999999886e-18
1.511536999999999856e-18
1.226899999999999997e-18
3.719338999999999373e-18
3.580368000000000053e-18
3.015457000000000055e-18
2.766252999999999994e-19
3.217717000000000009e-18
1.709102999999999903e-18
3.040785999999999930e-18
4.299152999999999556e-19
3.085889000000000251e-18
2.257722999999999877e-18
-1.336794999999999827e-18
-1.146762999999999897e-18
6.302632999999999757e-19
3.332266999999999912e-18
3.180015000000000023e-18
2.036073999999999879e-18
8.604394000000001033e-20
2.882715999999999584e-18
3.050471999999999479e-18
1.385767999999999805e-18
4.413958999999999764e-18
3.109899999999999915e-18
4.454727000000000563e-19
6.879077999999999042e-19
8.978291999999997185e-19
3.934069999999999744e-18
4.666449000000000028e-18
3.032758999999999749e-18
2.101042999999999645e-18
4.156453999999999531e-18
2.719005000000000193e-18
1.533370999999999774e-18
3.548249999999999589e-18
4.067422999999999962e-18
4.927566999999999813e-18
2.745957999999999960e-18
1.670106000000000129e-19
-5.739830000000001605e-18
-4.066132000000000051e-17
3.129159999999999456e-17
2.139939999999999970e-16
7.275090999999998292e-17
-3.826057999999999706e-18
-1.738275999999999609e-18
3.123350999999999921e-18
2.815794999999999815e-18
4.016948999999999748e-18
3.757451999999999780e-18
2.112338999999999758e-18
1.553982999999999992e-18
8.777408999999999453e-19
3.678530999999999613e-18
3.257859000000000192e-18
2.073463000000000135e-18
2.481574999999999832e-18
8.405974999999998522e-19
1.788235999999999996e-18
4.861098999999999605e-19
3.329651999999999637e-18
1.198010999999999926e-18
2.344225999999999840e-18
2.917530999999999964e-18
2.728675999999999747e-18
2.114379999999999838e-18
5.983061999999999449e-18
2.861802999999999747e-18
2.672674999999999532e-18
4.425555999999999688e-18
2.163457999999999786e-18
2.431297999999999741e-18
1.155935000000000005e-18
3.580749999999999994e-18
2.734804999999999755e-18
2.895931999999999914e-18
4.090209999999999747e-18
2.840011999999999830e-18
2.823657000000000043e-18
2.144889000000000020e-18
1.885867000000000043e-18
3.337516999999999942e-18
5.971223999999999312e-18
2.328202999999999752e-18
9.452353999999999601e-19
4.067810999999999285e-18
-6.781678000000000431e-19
5.045199999999999162e-18
2.022881999999999772e-18
1.588111999999999966e-18
3.178594999999999918e-18
2.897850999999999850e-18
1.561604000000000007e-18
2.620411999999999858e-18
2.563014999999999762e-18
4.954975000000000091e-18
3.269798999999999837e-18
3.047397999999999876e-18
3.770260000000000151e-18
3.913214999999999711e-18
3.561414999999999781e-18
2.486673999999999623e-18
3.238989000000000230e-18
4.534852999999999485e-18
3.684977999999999991e-18
1.970029999999999909e-18
3.138671999999999903e-18
4.254094999999999703e-18
2.829580999999999982e-18
4.337918000000000309e-18
4.418509999999999764e-18
2.215188999999999946e-18
2.186942999999999704e-18
2.263667999999999964e-18
1.987787999999999626e-18
2.825781000000000048e-18
4.642117999999999815e-18
-8.477208000000000568e-18
-6.367083000000000558e-17
7.651375000000000010e-17
2.386322999999999748e-16
-1.509114000000000027e-17
-2.087457000000000679e-17
-1.398217000000000032e-19
4.472140999999999506e-18
1.791721000000000021e-18
3.737715999999999656e-18
3.673961999999999926e-18
4.230120999999999310e-18
4.097474999999999839e-18
4.187475999999999642e-18
2.500926999999999835e-18
2.157276999999999742e-18
4.079295999999999960e-18
4.246805999999999772e-18
2.484796000000000086e-18
3.582588999999999696e-18
3.432904999999999915e-18
2.391551000000000087e-18
6.613403000000001032e-19
6.834713000000000511e-19
5.624140999999999231e-18
3.011064999999999470e-18
3.582354999999999917e-18
5.848047000000000172e-18
5.317880999999999290e-18
3.269381000000000137e-18
4.868523999999999779e-18
3.930967000000000047e-18
4.454756999999999784e-18
5.700207999999999860e-18
4.880568999999999780e-18
3.268618999999999663e-18
1.667451000000000026e-18
2.547702999999999624e-18
1.235211999999999864e-17
-1.133174999999999920e-16
5.042212000000000176e-17
4.619806999999999379e-16
3.622068000000000070e-16
-2.214291999999999773e-16
-1.528026000000000131e-17
-7.344485000000000290e-19
1.388867999999999811e-18
6.220271999999999168e-19
3.411050000000000042e-18
8.485106999999999296e-18
2.997656999999999656e-18
2.084575999999999838e-18
3.396403999999999866e-18
4.214904000000000171e-18
4.443588999999999968e-18
3.673900999999999661e-18
4.124749000000000053e-18
2.426595999999999888e-18
1.770449999999999697e-18
4.477052999999999684e-18
7.180683999999999192e-18
2.296503999999999656e-18
1.961947000000000104e-18
1.837419999999999811e-18
2.731272000000000053e-18
3.346544999999999475e-18
3.133343999999999819e-18
7.803979000000000466e-18
4.864508999999999266e-18
3.420238999999999940e-18
4.268643999999999856e-18
2.718386999999999909e-18
4.886997999999999701e-18
2.797358999999999830e-18
5.230436999999999188e-18
4.942493000000000037e-18
3.612207000000000365e-18
5.157136000000000228e-18
4.658908999999999374e-18
3.001236999999999525e-18
4.132700999999999870e-18
1.639366999999999853e-18
7.403846000000000116e-19
2.286924999999999870e-18
3.585162999999999571e-18
3.110916000000000033e-18
5.793694000000000073e-18
5.336440999999999598e-18
3.260719999999999779e-18
2.420572999999999746e-18
4.952782999999999386e-18
3.170500999999999705e-18
3.283365999999999451e-18
3.505642000000000347e-18
2.191744999999999657e-18
4.567600999999999767e-18
3.687454999999999458e-18
3.735543999999999973e-18
3.012290000000000786e-18
3.706257999999999773e-18
2.736113999999999738e-18
4.551080000000000323e-19
3.500799999999999892e-18
3.469518999999999881e-18
3.137081999999999590e-18
3.528866999999999698e-18
3.461843999999999650e-18
-4.086946999999999871e-19
5.172980999999999391e-18
4.851288000000000220e-18
1.276229999999999988e-18
3.071358000000000170e-18
2.835139999999999768e-18
2.813374999999999869e-19
2.012052999999999704e-18
3.690081000000000141e-18
4.459216999999999528e-18
3.214032000000000171e-18
4.119607999999999966e-18
3.700964999999999936e-18
3.531299999999999845e-18
1.867841999999999710e-18
3.472765999999999383e-18
5.630596000000000326e-18
4.057868999999999527e-18
4.994739999999999817e-18
3.939952999999999669e-18
5.321493000000000100e-18
3.037816999999999911e-18
3.876557000000000041e-18
4.041772000000000128e-18
1.431220000000000000e-18
4.451990000000000144e-18
2.554174999999999738e-18
5.370114999999999255e-18
3.905846999999999829e-18
2.087679999999999818e-18
2.123412999999999964e-19
2.129535999999999867e-18
4.445151999999999595e-18
2.532475999999999974e-18
4.221659999999999922e-18
4.707788999999999687e-18
2.917770999999999895e-18
4.919840999999999828e-18
2.474610000000000039e-18
4.564898999999999209e-18
3.770989000000000173e-18
2.501766000000000081e-18
1.183781000000000041e-18
1.492149999999999991e-18
4.196154000000000175e-18
9.162424000000000096e-19
2.481090999999999997e-18
2.030380000000000131e-18
3.531945999999999556e-18
1.730654999999999786e-18
2.663900999999999835e-19
4.238333000000000079e-18
3.333888999999999625e-18
5.838106999999999437e-18
5.064816000000000090e-18
3.193960999999999887e-18
2.867311999999999677e-18
4.601856999999999564e-18
6.918556999999998954e-18
3.577133999999999597e-18
3.204917999999999866e-18
3.965353999999999831e-18
4.028015999999999568e-18
1.662480999999999852e-18
3.183661999999999923e-18
2.211999999999999862e-18
2.886686000000000110e-18
2.786419000000000026e-18
4.208831999999999299e-18
2.561582999999999738e-18
2.030527999999999909e-18
9.910139999999998715e-19
2.862244999999999672e-18
3.650296999999999675e-18
2.726014000000000076e-18
2.021352999999999724e-18
2.509710999999999849e-18
3.583025999999999750e-18
4.899424000000000131e-18
1.927605999999999818e-18
3.015753999999999892e-18
4.385536999999999932e-18
3.626289999999999984e-18
7.122166999999999675e-18
1.935761999999999807e-18
4.910300999999999492e-18
4.882998999999999851e-18
4.067320000000000171e-18
5.621594000000000041e-18
3.655832999999999520e-18
2.219430999999999804e-18
3.460530000000000182e-18
3.627425999999999298e-18
2.459611999999999913e-18
2.138260999999999796e-18
-3.997769000000000132e-19
2.794679999999999985e-18
3.725332000000000293e-18
2.262227000000000096e-18
2.015875000000000068e-18
5.661765000000000318e-18
3.713306999999999773e-18
2.833500999999999881e-18
1.318216999999999832e-18
1.172549000000000077e-18
5.528041999999999693e-18
3.094087999999999663e-18
2.387786000000000015e-18
2.566711999999999905e-18
3.181206000000000219e-18
3.452444999999999813e-18
1.998651000000000043e-18
3.599919999999999870e-18
5.383594999999999741e-18
7.077939999999998870e-18
3.485231999999999544e-18
2.999639000000000036e-18
6.650078999999999233e-18
6.175669999999999434e-18
6.676001999999999554e-18
4.542592000000000056e-18
6.088753999999999641e-18
5.002475999999999542e-18
5.421459999999999500e-18
3.558886999999999789e-18
4.041048999999999489e-18
3.027458999999999862e-18
4.510967000000000042e-18
2.960126000000000160e-18
5.518431999999999634e-18
4.294703000000000035e-18
5.149846999999999527e-18
2.747491999999999493e-18
3.911811999999999781e-18
4.416317999999999830e-18
3.080171000000000279e-18
4.006609000000000156e-18
5.172487999999998943e-18
6.026572999999999279e-18
4.776775999999999272e-18
5.333292999999999529e-18
4.717603999999999815e-18
4.920131999999999513e-18
3.852383999999999731e-18
4.748534999999999670e-18
3.980869999999999372e-18
4.396510999999999701e-18
5.575886000000000407e-18
3.706391999999999837e-18
3.257619999999999773e-18
4.453082999999999649e-18
4.764307999999999316e-18
5.099223999999999638e-18
6.440341999999999838e-18
2.533735999999999997e-18
3.417478999999999964e-18
3.829800000000000221e-18
4.699462999999999874e-18
6.091063999999999747e-18
4.534299999999999824e-18
4.894616999999999537e-18
4.436496999999999390e-18
4.646244999999999577e-18
4.846937999999999931e-18
5.229472999999999876e-18
4.901990000000000060e-18
5.353850999999999724e-18
6.286914999999999646e-18
5.441192999999999548e-18
4.142238999999999642e-18
3.277921999999999759e-18
5.559356999999999283e-18
7.363630000000000622e-18
5.370160999999999909e-18
5.854763999999999702e-18
6.147417999999999809e-18
4.147982000000000120e-18
3.606485999999999932e-18
4.535991000000000133e-18
2.532132999999999868e-18
3.092175999999999777e-18
5.538372999999999827e-18
5.317051000000000043e-18
4.351691999999999786e-18
4.708700999999999732e-18
6.610467999999999052e-18
4.108115999999999627e-18
6.598908999999999836e-18
2.724116999999999801e-18
3.950534999999999756e-18
5.020357000000000072e-18
4.531347999999999595e-18
5.615694999999999453e-18
4.549381999999999386e-18
4.641428000000000013e-18
3.275633999999999699e-18
4.594388999999999967e-18
5.448378000000000176e-18
5.622457000000000126e-18
5.622569999999998887e-18
5.422857000000000048e-18
5.356668999999999889e-18
5.336915000000000078e-18
6.292303000000000098e-18
4.626709999999999935e-18
2.936310999999999952e-18
2.833385999999999785e-18
6.694287999999999581e-18
5.786894999999998974e-18
3.869648999999999769e-18
6.048870999999999743e-18
6.970489999999998722e-18
6.032477999999999248e-18
3.120595999999999815e-18
6.673624999999999031e-18
5.469537999999999993e-18
5.478845999999999574e-18
7.081519999999998354e-18
6.702350999999999135e-18
5.441165999999998862e-18
4.455858000000000006e-18
4.106008999999999797e-18
5.276756999999999724e-18
5.333850999999999060e-18
5.817844000000000056e-18
4.211295000000000208e-18
3.544626999999999528e-18
5.089828999999999389e-18
4.274643999999999670e-18
5.856707999999999759e-18
4.592220999999999872e-18
4.988836999999999641e-18
5.838973999999999111e-18
4.716297000000000012e-18
4.742577999999999664e-18
6.217835999999999522e-18
3.467075999999999993e-18
3.832251999999999567e-18
6.411945999999999639e-18
6.197630000000000047e-18
6.050284999999999696e-18
5.918646999999999627e-18
5.586693999999999556e-18
5.160614999999999715e-18
6.870030999999999925e-18
5.358681999999999386e-18
4.941057999999999551e-18
6.261511000000000177e-18
4.441098999999999914e-18
6.980394000000000083e-18
5.149708000000000363e-18
4.459329000000000317e-18
5.898720999999999814e-18
5.252531999999999377e-18
5.530092999999999899e-18
4.932551999999999790e-18
3.698297999999999239e-18
4.964975999999999549e-18
5.320280999999999370e-18
6.472499999999999263e-18
6.556561999999999517e-18
6.271203999999999776e-18
5.077008999999999483e-18
6.792280000000001732e-18
6.267965000000000220e-18
5.724857999999999956e-18
6.994627999999999941e-18
4.259107999999999878e-18
6.902880999999999716e-18
6.455899999999999675e-18
5.271300999999999343e-18
7.062325999999999409e-18
2.843764999999999982e-18
3.528661999999999628e-18
8.089145999999998696e-18
6.702923999999999818e-18
3.793811999999999331e-18
4.398881999999999301e-18
5.034278999999999711e-18
6.396946999999999616e-18
6.359574000000000023e-18
6.416883999999999451e-18
6.996312000000000586e-18
7.817768999999999835e-18
7.906339999999998253e-18
7.317544999999999376e-18
5.352207999999999863e-18
4.902727999999999540e-18
4.984522999999999496e-18
4.021284999999999168e-18
4.632518999999999778e-18
5.055236999999999535e-18
2.874293999999999645e-18
4.094307999999999800e-18
3.982268000000000202e-18
5.046806000000000138e-18
3.144572000000000003e-18
4.053678999999999706e-18
5.552390000000000082e-18
3.902232999999999996e-18
4.264503999999999507e-18
5.885828000000000110e-18
5.270496999999999728e-18
4.059152000000000262e-18
5.321130999999999639e-18
5.893908999999999350e-18
5.229171999999999680e-18
6.030249999999999171e-18
3.938005000000000024e-18
6.172727999999998945e-18
4.649381000000000113e-18
4.360880999999999683e-18
4.634699999999999690e-18
5.866369999999999084e-18
4.660742999999999976e-18
4.905955999999999843e-18
4.066455999999999804e-18
5.633224000000000032e-18
4.127928999999999138e-18
5.272779999999999919e-18
5.640868999999999501e-18
7.187999999999999038e-18
4.757647999999999692e-18
7.592888000000000331e-18
7.161860999999999396e-18
4.264788999999999810e-18
6.046525000000000265e-18
5.614552999999999217e-18
5.092316000000000137e-18
6.669932000000000017e-18
5.374621999999999935e-18
4.745545000000000274e-18
2.654809999999999666e-18
4.105656999999999847e-18
5.075418999999999941e-18
6.364174999999999495e-18
5.551361999999999658e-18
6.446349999999999599e-18
5.458996999999999919e-18
6.503984000000000320e-18
7.226394999999999672e-18
2.720783000000000015e-18
6.493179999999999218e-18
6.622507000000000440e-18
5.870742999999999700e-18
3.817320999999999473e-18
5.990833999999999318e-18
5.896651999999999922e-18
8.096594000000000353e-18
5.014152000000000188e-18
5.326901999999999545e-18
4.721438000000000098e-18
4.092697999999999236e-18
6.055161000000000501e-18
5.641090999999999745e-18
7.158567000000000498e-18
6.638146000000000023e-18
4.561326000000000160e-18
6.644080999999999213e-18
6.515205999999999196e-18
4.816387999999999736e-18
5.444223999999999728e-18
5.974878999999999159e-18
5.896663999999999456e-18
4.871253999999999764e-18
5.024542999999999534e-18
4.656684000000000142e-18
5.074161999999999609e-18
5.112100999999999450e-18
4.331106999999999675e-18
5.729623000000000254e-18
6.123475999999999972e-18
4.944463999999999238e-18
4.763855999999999652e-18
4.093206000000000066e-18
4.098724000000000224e-18
5.878660999999999168e-18
5.078671999999999595e-18
5.932970999999999459e-18
6.549595000000000316e-18
4.552066999999999769e-18
6.471497000000000502e-18
5.493885999999999611e-18
4.813888999999999453e-18
5.567643000000000134e-18
5.971847999999999749e-18
6.434171999999999817e-18
6.744765999999999383e-18
5.418732999999999592e-18
7.295703999999998446e-18
-1.728707999999999798e-19
1.775091999999999953e-17
-4.926037999999999765e-18
6.018490999999999756e-18
5.204708999999999967e-18
4.877754999999999973e-18
6.445048999999999948e-18
5.752835999999999300e-18
5.887345999999999365e-18
4.716650999999999756e-18
5.063635999999999916e-18
7.334686000000000632e-18
5.258624999999999242e-18
7.087181000000000345e-18
4.612612999999999447e-18
5.378958000000000125e-18
5.907652000000000094e-18
6.053558000000000372e-18
4.694945999999999454e-18
5.701994999999998755e-18
5.996584000000000231e-18
5.132590000000000205e-18
6.356966999999999310e-18
5.317245999999999602e-18
5.494032999999999491e-18
7.292386000000000479e-18
5.721074999999999427e-18
6.755582000000000019e-18
6.718037999999999936e-18
5.457464999999999025e-18
5.737824000000000231e-18
7.555344999999999759e-18
5.264885000000000008e-18
6.235181999999999306e-18
3.852483999999999445e-18
4.405305999999999353e-18
6.112354000000000040e-18
5.898880000000000000e-18
6.513468000000000261e-18
4.516902000000000003e-18
5.531645999999999015e-18
7.025744999999999126e-18
6.986861999999999454e-18
4.737404000000000280e-18
4.100287999999999363e-18
5.804759999999999610e-18
7.133029999999999707e-18
6.235798999999999308e-18
5.793125999999999260e-18
6.309691999999999690e-18
6.898653999999999469e-18
6.281181000000000166e-18
5.603709999999999436e-18
5.958287000000000288e-18
4.971403999999999959e-18
5.142580999999999923e-18
5.004838999999999967e-18
6.463577999999999982e-18
6.060947999999999529e-18
6.062388999999999397e-18
6.126015999999999497e-18
5.452444000000000444e-18
6.556825999999999287e-18
6.587011999999999228e-18
6.044560999999999957e-18
5.105394999999999172e-18
7.336993999999998632e-18
6.161583000000000227e-18
8.054853999999999526e-18
6.695943999999999258e-18
5.770424999999999862e-18
6.816898999999999244e-18
8.227510000000001606e-18
6.164426999999999254e-18
6.268270999999999516e-18
7.907818999999998829e-18
6.347338999999998793e-18
5.941082999999999744e-18
7.637496000000000024e-18
5.890991999999999753e-18
5.697080000000001582e-18
7.147211999999998759e-18
5.993281999999999846e-18
5.564554000000000535e-18
6.212523999999998945e-18
6.574206999999999704e-18
6.977364000000000185e-18
7.600671999999999734e-18
5.473146000000000444e-18
4.274055999999999377e-18
7.216713999999998838e-18
6.724987999999998963e-18
6.548503999999999833e-18
6.865570999999999411e-18
7.673815999999999843e-18
8.116894999999999672e-18
7.801502000000000228e-18
6.779747999999999125e-18
6.787218999999999568e-18
7.280551999999999931e-18
7.285500999999999765e-18
7.161086000000000261e-18
7.214041999999999812e-18
5.773678999999999028e-18
9.067744999999999508e-18
9.131972999999999718e-18
6.465542999999999802e-18
6.860057999999999894e-18
7.261064999999999196e-18
6.649088000000000006e-18
6.806570999999999956e-18
6.588875000000000310e-18
7.585099999999999799e-18
7.121241000000000301e-18
7.745973999999999055e-18
7.529525999999999512e-18
9.361911999999999770e-18
6.328098999999999195e-18
6.688667999999999914e-18
5.440570999999999675e-18
7.684966999999999485e-18
7.428287999999998911e-18
6.928381000000000081e-18
6.740973999999999396e-18
6.152667999999999839e-18
8.139670999999998664e-18
7.996521999999999057e-18
6.833822999999999355e-18
7.808482999999998759e-18
7.711878999999999238e-18
8.005446999999999184e-18
7.181061000000000034e-18
6.426354999999999575e-18
8.094140999999999184e-18
6.270290999999999448e-18
8.221378999999999493e-18
8.402269000000000076e-18
6.954442000000000053e-18
8.880825999999999401e-18
8.415694999999998421e-18
8.287684999999999053e-18
8.708599000000000510e-18
7.890168999999999543e-18
1.035301000000000312e-17
9.073297999999998757e-18
8.007668999999999110e-18
8.934297000000000216e-18
6.758274000000000066e-18
6.795199999999999095e-18
7.802349999999999163e-18
7.335417999999999189e-18
8.461820999999999681e-18
8.528596999999999363e-18
7.950009000000000297e-18
8.309827999999998921e-18
7.792773999999999453e-18
8.923383999999999942e-18
8.781607999999998732e-18
7.661010999999998778e-18
7.663325000000000012e-18
1.025424999999999919e-17
8.657310000000000659e-18
9.261926999999999142e-18
8.479671999999999448e-18
8.481091000000000041e-18
7.930435999999999946e-18
9.480588999999999435e-18
7.833596000000000083e-18
6.672495999999999381e-18
6.585263999999999012e-18
8.021314999999999445e-18
8.591016999999999374e-18
8.789157999999999898e-18
8.083994999999998869e-18
8.054666999999998373e-18
8.426201999999999685e-18
7.528878000000000007e-18
8.673356999999999816e-18
8.827164999999998898e-18
7.280674000000000460e-18
7.644008999999998997e-18
8.716206999999999553e-18
7.664606000000000183e-18
8.236054999999999275e-18
8.326543000000000145e-18
8.433717999999998960e-18
8.296027000000000299e-18
9.616928000000000232e-18
6.858515999999999259e-18
8.805282999999999494e-18
6.880837999999999563e-18
5.962005999999999705e-18
8.539550000000000140e-18
7.125027999999998877e-18
7.918670999999999609e-18
7.592049999999999596e-18
6.427308000000000405e-18
8.152381999999999397e-18
6.853433999999999643e-18
7.004941000000000388e-18
8.211383999999999416e-18
6.963051999999999887e-18
8.407031999999999810e-18
9.731309999999999721e-18
1.029824999999999988e-17
8.013074999999999249e-18
8.544243000000000150e-18
8.884559999999999200e-18
9.280343000000000416e-18
8.480652000000000193e-18
8.415095000000000134e-18
9.235487999999999587e-18
9.474067000000000234e-18
7.669530999999999407e-18
8.891680999999998717e-18
8.256110999999999563e-18
7.727756999999999239e-18
8.007869999999998051e-18
8.000298999999999433e-18
8.086700999999999785e-18
7.819468000000000862e-18
7.415974000000000041e-18
7.089752999999998886e-18
7.162639000000000148e-18
6.799936999999999195e-18
7.345136999999999961e-18
8.713227999999999409e-18
6.543035999999999147e-18
6.719035999999999598e-18
8.008831000000000368e-18
7.409661999999998468e-18
7.658001999999999413e-18
6.846419999999997964e-18
8.626186999999999781e-18
8.130894999999999751e-18
8.987056999999999926e-18
9.002597999999999588e-18
1.089361000000000008e-17
3.305371999999999563e-18
2.743561999999999854e-17
2.109354999999999975e-17
1.633617000000000326e-17
9.102154000000000108e-18
7.266150999999999941e-18
6.877863999999999289e-18
8.107031999999999865e-18
5.717919999999997382e-18
7.752271999999999759e-18
6.791860000000000313e-18
5.508494999999999746e-18
3.742302000000000288e-18
3.655416999999999999e-18
3.102322999999999990e-18
4.051254000000000276e-18
4.829465999999999259e-18
2.581546999999999873e-18
3.135208000000000027e-18
3.518199999999999506e-18
6.827515999999999963e-18
7.538210000000000197e-18
6.146134999999999845e-18
5.484194999999999036e-18
7.631278999999999836e-18
6.803442999999999367e-18
6.004792999999999384e-18
7.331979000000000204e-18
5.303524999999999673e-18
7.066296999999999063e-18
5.827899999999999627e-18
8.032928000000000032e-18
5.700392000000000167e-18
7.328043999999999924e-18
9.228408999999999595e-18
6.914085999999999187e-18
8.067154000000000608e-18
5.904692999999999431e-18
5.879836000000000242e-18
6.909625999999999444e-18
6.949658999999999299e-18
6.852675999999999913e-18
7.557222999999999681e-18
7.696770999999999272e-18
8.113577000000000165e-18
7.626910000000000349e-18
8.214019999999997528e-18
8.723957999999999659e-18
5.899886999999999890e-18
8.636610999999999965e-18
7.245836999999999264e-18
7.571913999999999844e-18
7.314321000000000201e-18
9.010911999999999096e-18
8.529705999999998761e-18
8.198784999999999473e-18
7.692182999999998846e-18
8.009485999999999537e-18
7.570805999999999958e-18
6.301580000000000176e-18
8.283150999999999999e-18
7.473103999999998750e-18
7.765173999999999693e-18
6.750171999999999522e-18
6.584799000000000302e-18
6.091236999999999261e-18
7.513353999999999749e-18
7.007295000000000584e-18
7.015626999999999008e-18
7.984616999999999273e-18
7.770579000000000320e-18
7.644239999999998700e-18
6.397534999999999909e-18
6.902241000000000157e-18
6.497246999999999768e-18
8.265066999999999965e-18
7.919711999999999848e-18
5.895893999999999421e-18
8.384623000000000378e-18
7.449456000000000214e-18
8.045643999999999865e-18
6.504379000000000078e-18
7.017645999999999428e-18
7.216272999999999966e-18
7.141607999999999755e-18
7.830561999999999055e-18
7.408999999999999634e-18
8.247604999999999803e-18
7.731272999999999152e-18
9.286693000000000386e-18
9.117818999999999323e-18
8.965385999999999204e-18
5.637005999999999509e-18
7.938686999999999395e-18
6.715247000000000457e-18
7.569430999999999455e-18
8.150891000000000057e-18
8.571038000000000014e-18
8.562747999999999575e-18
7.934539999999999381e-18
9.736194000000000472e-18
8.376096999999999597e-18
7.568695999999999281e-18
7.482949999999999152e-18
7.327892000000000173e-18
7.872021999999999450e-18
7.631078999999998867e-18
9.019356999999999362e-18
8.484903999999999791e-18
6.888056999999999771e-18
6.593776999999999978e-18
8.395948999999999327e-18
8.231821000000000134e-18
8.729893999999999903e-18
7.520369999999998141e-18
9.514387999999998927e-18
9.482273999999999592e-18
8.451286999999999271e-18
8.715869999999999214e-18
9.158098999999999544e-18
7.919709999999999284e-18
8.302961000000000204e-18
9.170644999999999168e-18
8.310846999999999116e-18
9.084733999999999472e-18
8.617694999999999349e-18
8.862669999999997539e-18
7.758253999999999116e-18
9.661994999999999254e-18
1.085477000000000098e-17
8.488463000000000282e-18
9.434077999999999699e-18
8.549025999999999364e-18
8.939722999999999836e-18
8.551787999999999134e-18
9.220439999999999603e-18
9.934854999999999819e-18
1.012306999999999894e-17
1.025364999999999936e-17
8.841279999999999843e-18
1.017782999999999910e-17
9.584388999999998837e-18
9.969817999999999592e-18
8.716851999999998982e-18
8.502023999999998973e-18
1.023834999999999914e-17
7.960529999999999349e-18
8.647844999999999146e-18
9.073572000000000579e-18
9.378775999999999128e-18
8.985900999999998821e-18
1.075779000000000013e-17
9.060420999999998945e-18
9.089564000000000393e-18
8.130410000000000790e-18
8.890656999999999422e-18
9.315293999999999885e-18
1.064994999999999778e-17
9.666239999999999188e-18
7.377249999999999784e-18
9.679996999999999261e-18
9.280724999999998817e-18
1.017740999999999922e-17
1.052804000000000026e-17
9.960823999999999253e-18
8.348603999999999985e-18
1.047696999999999826e-17
8.710917999999999304e-18
9.607447999999999879e-18
9.750008999999999963e-18
9.741318999999999126e-18
1.088951000000000023e-17
1.078894999999999990e-17
1.165886999999999811e-17
8.410969999999998625e-18
7.922491999999998535e-18
8.818833999999999986e-18
1.101839999999999832e-17
9.268077999999999195e-18
9.511858999999999424e-18
8.776219999999999051e-18
1.036766999999999993e-17
8.000169999999997699e-18
7.083604999999998909e-18
6.679031999999999452e-18
9.561322000000000160e-18
9.466319999999999716e-18
1.066311999999999785e-17
9.862995999999999468e-18
8.984066999999998989e-18
7.828119000000000709e-18
8.652455999999999129e-18
9.989326999999998831e-18
1.076442999999999873e-17
9.723920000000000564e-18
1.045303000000000053e-17
8.990493000000000375e-18
8.456470999999999936e-18
8.144535999999999446e-18
8.837214999999999857e-18
7.689643999999999602e-18
9.404702999999999037e-18
8.293698999999999737e-18
1.078941000000000028e-17
1.072450000000000021e-17
1.176134999999999944e-17
9.962152999999999102e-18
9.164113999999999738e-18
1.031801999999999804e-17
9.424947999999999502e-18
8.360705999999999121e-18
8.627007000000000059e-18
1.031718999999999956e-17
9.653031999999999189e-18
1.105083000000000054e-17
1.102207000000000008e-17
1.094051000000000250e-17
9.868004999999999285e-18
8.787180000000001032e-18
9.471462999999998826e-18
1.007996999999999953e-17
9.407873999999999434e-18
9.917623999999999360e-18
8.940592999999998815e-18
8.397004999999999948e-18
8.943591999999999981e-18
1.016210999999999900e-17
9.410318999999998345e-18
8.805261999999998961e-18
7.597127000000000112e-18
6.550164999999999381e-18
6.538754999999999840e-18
6.344874999999999143e-18
7.707831000000000197e-18
7.717962999999999644e-18
8.569968000000000065e-18
6.823776999999999524e-18
6.946914999999999986e-18
6.643128999999999436e-18
7.884929999999999535e-18
8.627998999999999568e-18
6.312838999999999478e-18
7.776733000000000449e-18
7.748848999999999127e-18
8.259401999999999926e-18
8.731952999999999284e-18
8.676110999999998869e-18
8.805611999999999117e-18
6.975429999999999868e-18
7.564229999999999385e-18
7.660067999999999999e-18
5.730471999999999470e-18
8.664744999999999418e-18
8.206357000000000683e-18
7.635035999999999192e-18
6.342132000000000112e-18
6.117091000000000140e-18
9.156800999999999968e-18
7.552791999999999647e-18
7.827562999999999431e-18
7.680972000000000763e-18
7.551883999999999189e-18
8.127638999999999250e-18
7.831471000000000566e-18
8.400463999999998413e-18
8.505632000000000194e-18
8.671516000000000320e-18
8.337595999999999866e-18
9.499612999999999713e-18
8.771768999999999535e-18
7.816121999999999616e-18
7.332001999999999761e-18
8.433804999999999629e-18
6.651780999999999565e-18
6.533001999999999621e-18
6.227913999999999138e-18
7.118583999999998575e-18
7.670063000000000076e-18
6.431693999999999297e-18
5.791508999999999803e-18
6.578338999999999336e-18
6.393918999999999512e-18
8.503347999999999722e-18
7.366527999999998709e-18
7.293592999999999798e-18
7.366489999999998772e-18
7.189683000000000172e-18
5.529081999999999651e-18
6.181139999999999914e-18
7.818191999999999791e-18
8.685796999999998804e-18
7.563148999999998643e-18
5.456359999999999214e-18
7.232046000000000383e-18
6.755264999999999931e-18
4.972074999999999792e-18
7.341165999999998767e-18
7.604494999999999224e-18
7.982215999999998911e-18
7.693377999999999401e-18
7.499369999999999562e-18
7.714317999999999537e-18
6.823458000000000412e-18
7.357998999999999392e-18
7.248339999999999135e-18
8.074970999999999309e-18
8.541346000000000034e-18
6.222810999999999759e-18
7.451157999999999776e-18
6.474439999999998962e-18
6.839692999999999463e-18
8.853834999999999696e-18
7.758487999999998895e-18
8.863153999999998530e-18
9.896156999999999195e-18
9.115744999999999561e-18
8.134280999999999958e-18
7.949174999999999150e-18
7.863971999999998942e-18
9.517940999999999266e-18
1.049999999999999960e-17
7.318771000000000205e-18
8.108070999999999541e-18
9.427285000000000293e-18
9.504956999999999304e-18
8.659794000000000561e-18
7.913260000000000370e-18
8.240028999999999004e-18
8.037360000000001119e-18
9.112740999999999295e-18
8.543676999999999132e-18
9.168598999999999603e-18
1.018900999999999845e-17
9.639321999999999282e-18
9.410764999999999398e-18
8.073072999999999906e-18
7.929611999999998540e-18
8.696889999999999027e-18
9.094406999999999590e-18
1.019249999999999873e-17
1.582356000000000056e-17
1.470002000000000292e-17
8.400840999999999255e-18
9.104674999999998895e-18
8.680434999999998755e-18
1.047601000000000008e-17
9.065920999999999417e-18
1.012993999999999927e-17
1.016184999999999959e-17
1.223575000000000055e-17
1.065130000000000125e-17
1.150231999999999874e-17
1.097532999999999813e-17
1.037221999999999888e-17
9.323798000000000621e-18
1.017683999999999861e-17
1.040901000000000036e-17
9.156933999999999750e-18
1.023995999999999894e-17
1.081811999999999895e-17
9.989699000000000573e-18
1.047410000000000037e-17
9.560991999999999484e-18
1.058160000000000076e-17
9.541638000000000072e-18
9.716666999999999236e-18
1.084228000000000021e-17
9.523812000000000426e-18
1.006863999999999945e-17
1.042391000000000018e-17
1.115602000000000082e-17
1.164327999999999926e-17
1.158439999999999977e-17
1.066296000000000046e-17
1.141519999999999916e-17
1.228711999999999937e-17
1.147226000000000123e-17
1.089663999999999997e-17
1.111107999999999835e-17
1.082339999999999897e-17
1.218990000000000013e-17
1.275151999999999977e-17
1.153645999999999970e-17
1.180736000000000032e-17
1.208345000000000021e-17
1.071931999999999913e-17
1.201141000000000040e-17
1.050493999999999920e-17
1.081353999999999924e-17
1.021962999999999837e-17
1.061064000000000011e-17
1.251616999999999894e-17
1.165072999999999994e-17
1.133975999999999982e-17
1.013291000000000073e-17
1.236462999999999889e-17
1.259751999999999889e-17
1.261113999999999960e-17
1.097515999999999946e-17
1.321222000000000071e-17
1.090438000000000083e-17
1.135366999999999915e-17
1.114577999999999864e-17
9.049806999999999072e-18
1.043741999999999912e-17
9.435546999999998994e-18
1.027258999999999905e-17
1.116014999999999989e-17
1.100742999999999814e-17
1.124255000000000032e-17
1.130103999999999915e-17
1.021765999999999868e-17
1.029142000000000005e-17
1.206996000000000075e-17
1.116528999999999893e-17
1.098071999999999838e-17
1.081156999999999801e-17
1.240895999999999872e-17
1.208111000000000088e-17
1.235357999999999925e-17
1.109672999999999966e-17
1.135971999999999921e-17
1.298202999999999840e-17
1.214333999999999504e-17
1.205819999999999798e-17
1.413726999999999873e-17
1.236318999999999931e-17
1.237768999999999873e-17
1.218604999999999996e-17
1.284632999999999996e-17
1.241713999999999893e-17
1.296778999999999993e-17
1.198715999999999839e-17
1.179806999999999965e-17
1.416582999999999976e-17
1.193105999999999913e-17
1.177500999999999910e-17
1.205328999999999913e-17
1.131803999999999991e-17
1.185856999999999868e-17
1.217281999999999837e-17
1.266941999999999926e-17
1.220579999999999864e-17
1.124728000000000075e-17
1.221544000000000100e-17
1.203171000000000021e-17
1.094946999999999787e-17
1.260174999999999845e-17
1.314187999999999990e-17
1.288135999999999938e-17
1.301102000000000058e-17
1.224506000000000069e-17
1.079424999999999940e-17
1.170321999999999896e-17
1.255079999999999796e-17
1.386867999999999822e-17
1.376623999999999894e-17
1.369068999999999937e-17
1.367654999999999830e-17
1.273381000000000050e-17
1.117280999999999933e-17
1.165179999999999989e-17
1.346208999999999583e-17
1.317837999999999967e-17
1.348364000000000015e-17
1.235919999999999969e-17
1.397574999999999899e-17
1.349048999999999947e-17
1.378690000000000019e-17
1.426817999999999983e-17
1.258063999999999964e-17
1.363061999999999843e-17
1.248965999999999861e-17
1.212392999999999986e-17
1.331301999999999790e-17
1.493482999999999929e-17
1.418823000000000050e-17
1.349242000000000328e-17
1.340224999999999815e-17
1.188355999999999996e-17
1.260748999999999885e-17
1.160375999999999934e-17
1.283386999999999841e-17
1.399537000000000105e-17
1.445314000000000104e-17
1.434464999999999708e-17
1.237912000000000012e-17
1.210817999999999900e-17
1.229365999999999903e-17
1.203676000000000312e-17
1.382884999999999864e-17
1.366950999999999930e-17
1.255778999999999980e-17
1.337691999999999954e-17
1.333787999999999639e-17
1.170791999999999863e-17
1.131202999999999881e-17
1.141438000000000043e-17
1.070041999999999841e-17
1.150967000000000048e-17
1.174634999999999913e-17
1.377689999999999947e-17
1.310855999999999922e-17
1.477617000000000232e-17
1.401763999999999747e-17
1.439357999999999764e-17
1.462997999999999432e-17
1.339539999999999884e-17
1.380704999999999927e-17
1.383325999999999968e-17
1.456189999999999953e-17
1.452941000000000041e-17
1.338733999999999859e-17
1.283689999999999985e-17
1.300873999999999970e-17
1.287193999999999901e-17
1.310162999999999890e-17
1.384752999999999892e-17
1.464642999999999703e-17
1.426760999999999768e-17
1.535378999999999786e-17
1.469681999999999973e-17
1.465782999999999683e-17
1.573798999999999925e-17
1.503912999999999649e-17
1.454818999999999962e-17
1.487488999999999959e-17
1.415333999999999590e-17
1.506468999999999838e-17
1.604647999999999907e-17
1.584502999999999926e-17
1.478989000000000042e-17
1.588279999999999995e-17
1.561020000000000034e-17
1.464174000000000018e-17
1.352134999999999932e-17
1.580944999999999872e-17
1.766244999999999649e-17
1.307912999999999921e-17
2.662550000000000057e-17
2.242233999999999712e-17
2.379967000000000057e-17
1.824028999999999864e-17
1.603052999999999878e-17
1.476961000000000010e-17
1.619070999999999942e-17
1.607391000000000016e-17
1.849032999999999859e-17
4.607792999999999191e-17
-5.477235999999999472e-17
5.792326999999997821e-17
3.373523000000000288e-16
8.250607999999999940e-17
6.878529999999998789e-17
2.598146000000000103e-17
2.125340999999999637e-17
1.713315000000000039e-17
1.769630000000000035e-17
1.496130000000000066e-17
1.547948999999999404e-17
1.448907000000000328e-17
1.392810999999999730e-17
1.500608999999999778e-17
1.360979000000000006e-17
1.511193999999999942e-17
2.514628000000000052e-17
-3.252899999999999847e-18
3.204729000000000537e-17
4.556204999999999554e-17
3.907724000000000239e-17
2.824018999999999425e-17
1.526604000000000078e-17
1.509672999999999840e-17
1.477172999999999743e-17
1.359423999999999862e-17
1.355200999999999974e-17
1.419455999999999791e-17
1.524208999999999560e-17
1.384282999999999770e-17
1.508473999999999697e-17
1.477163999999999823e-17
1.558003999999999772e-17
1.384776000000000065e-17
1.476926999999999968e-17
1.573909000000000151e-17
1.367348999999999919e-17
1.330557999999999850e-17
1.453054999999999854e-17
1.438439999999999874e-17
1.544815999999999869e-17
1.412997000000000032e-17
1.393593999999999889e-17
1.274717999999999999e-17
1.425575000000000058e-17
1.465519999999999887e-17
1.347838999999999935e-17
1.456770999999999811e-17
1.314055000000000054e-17
1.519142999999999837e-17
1.467674999999999858e-17
1.427153999999999886e-17
1.402296999999999927e-17
1.421260999999999913e-17
1.513872999999999556e-17
1.426965999999999838e-17
1.380702000000000159e-17
1.422779999999999759e-17
1.387131000000000080e-17
1.423608999999999957e-17
1.374025000000000052e-17
1.431522999999999682e-17
1.362025999999999935e-17
1.347908999999999966e-17
1.437939999999999915e-17
1.354796000000000013e-17
1.413714999999999877e-17
1.305282999999999805e-17
1.419297999999999579e-17
1.423833999999999507e-17
1.446510999999999991e-17
1.325137999999999920e-17
1.379005999999999979e-17
1.179229000000000029e-17
1.189762999999999822e-17
1.283751999999999916e-17
1.214844999999999948e-17
1.370894000000000003e-17
1.367950000000000028e-17
1.343785999999999946e-17
1.347773999999999774e-17
1.420549999999999733e-17
1.204751999999999951e-17
1.433568000000000044e-17
1.464837000000000212e-17
1.383950999999999917e-17
1.342111999999999966e-17
1.301824999999999927e-17
1.377032999999999751e-17
1.377254999999999995e-17
1.221502999999999932e-17
1.433340999999999929e-17
1.409640000000000151e-17
1.478423999999999769e-17
2.452952999999999955e-17
1.381983999999999841e-17
1.382330999999999767e-17
1.237174999999999890e-17
1.197123999999999886e-17
1.195201999999999875e-17
1.283948999999999577e-17
1.367118999999999882e-17
1.349480999999999976e-17
1.222736999999999936e-17
1.302830999999999843e-17
1.315674999999999896e-17
1.306865999999999838e-17
1.256930999999999956e-17
1.304886999999999919e-17
1.191411000000000015e-17
1.327287999999999712e-17
1.218219000000000004e-17
1.304818999999999836e-17
1.444960000000000052e-17
1.413894999999999825e-17
1.339469000000000033e-17
1.270673999999999930e-17
1.196241999999999832e-17
1.005259999999999996e-17
1.100875999999999904e-17
1.361088999999999923e-17
1.354854999999999868e-17
1.613364000000000069e-17
2.204748999999999792e-17
3.828234999999999875e-17
3.839258999999999579e-17
1.567691999999999963e-17
1.378476000000000029e-17
1.183469999999999913e-17
1.114674999999999964e-17
1.100814999999999947e-17
1.300885999999999966e-17
1.174044000000000006e-17
1.197616999999999873e-17
1.506995999999999866e-17
2.761075999999999898e-17
4.013937999999999819e-17
3.247782999999999599e-17
1.415798999999999996e-17
1.317974999999999799e-17
1.150588999999999849e-17
1.194694999999999943e-17
1.316510999999999912e-17
1.317509999999999856e-17
1.261484999999999878e-17
1.213005000000000118e-17
1.174031999999999855e-17
1.192288999999999865e-17
1.274030999999999812e-17
1.289284999999999992e-17
1.278733999999999870e-17
1.192228000000000063e-17
1.261985999999999965e-17
1.272635999999999828e-17
1.224698000000000014e-17
1.355617000000000419e-17
1.302573999999999583e-17
1.259988999999999898e-17
1.339259999999999913e-17
1.295297999999999931e-17
1.204077999999999888e-17
1.348773999999999846e-17
1.261587999999999823e-17
1.268517999999999986e-17
1.258557999999999925e-17
1.289380999999999965e-17
1.309288999999999936e-17
1.205671999999999943e-17
1.320907000000000239e-17
1.325947999999999995e-17
1.243606999999999888e-17
1.299380000000000092e-17
1.422960999999999835e-17
1.270161000000000001e-17
1.281286000000000009e-17
1.442603999999999908e-17
1.350669000000000097e-17
1.270343000000000051e-17
1.200513999999999835e-17
1.133106999999999898e-17
1.142712999999999907e-17
1.301595999999999865e-17
1.252992999999999909e-17
1.290495999999999978e-17
1.195754999999999998e-17
1.156741999999999850e-17
1.165034000000000083e-17
1.298728999999999894e-17
1.221748000000000041e-17
1.239170000000000009e-17
1.296186999999999804e-17
1.289908999999999967e-17
1.376587999999999905e-17
1.284814000000000072e-17
1.229616999999999857e-17
1.334003999999999885e-17
1.277571999999999845e-17
1.151644999999999853e-17
1.308188000000000022e-17
1.293968999999999928e-17
1.394680999999999859e-17
1.366638999999999866e-17
1.304057999999999875e-17
1.188740999999999859e-17
1.281473999999999904e-17
1.268167999999999830e-17
1.279450999999999895e-17
1.382318999999999924e-17
1.256157999999999845e-17
1.413259999999999828e-17
1.434882999999999639e-17
1.277069999999999938e-17
1.264818999999999895e-17
1.372306000000000007e-17
1.383544000000000008e-17
1.334824999999999983e-17
1.287119999999999819e-17
1.319546999999999963e-17
1.204083999999999578e-17
1.342465999999999864e-17
1.353034000000000007e-17
1.330688999999999992e-17
1.313174999999999948e-17
1.401342999999999431e-17
1.407966999999999990e-17
1.346497999999999474e-17
1.341303999999999993e-17
1.287881000000000088e-17
1.418608999999999752e-17
1.256945999999999875e-17
1.220176999999999851e-17
1.236785999999999976e-17
1.320490999999999948e-17
1.303976999999999976e-17
1.243650000000000004e-17
1.286382000000000032e-17
1.239458000000000080e-17
1.403438000000000035e-17
1.224824999999999952e-17
1.245906999999999791e-17
1.360344000000000009e-17
1.238911999999999929e-17
1.268130000000000046e-17
1.192522999999999798e-17
1.375351999999999952e-17
1.425291999999999857e-17
1.362804000000000071e-17
1.465351999999999935e-17
1.195101000000000032e-17
1.337220999999999858e-17
1.387895999999999937e-17
1.374375999999999874e-17
1.353265999999999991e-17
1.311507999999999477e-17
1.362637000000000247e-17
1.468414999999999747e-17
1.420519000000000075e-17
1.361792999999999823e-17
1.361478999999999964e-17
1.293991999999999947e-17
1.247598999999999920e-17
1.239265999999999982e-17
1.398402999999999661e-17
1.321381999999999923e-17
1.475041000000000254e-17
1.468859999999999748e-17
1.335180000000000009e-17
1.422301999999999845e-17
1.493379999999999984e-17
1.382240999999999947e-17
1.365159000000000087e-17
1.448627999999999715e-17
1.325604999999999966e-17
1.273422999999999884e-17
1.489958000000000096e-17
1.390612999999999489e-17
1.291673999999999896e-17
1.553246999999999883e-17
1.691310999999999798e-17
1.633973000000000018e-17
1.541176999999999915e-17
1.544478999999999838e-17
1.689051999999999754e-17
1.499678000000000072e-17
1.632254999999999948e-17
1.506603999999999876e-17
1.365313000000000094e-17
1.382234999999999794e-17
1.470255999999999859e-17
1.502750999999999932e-17
1.569547000000000019e-17
1.565949999999999899e-17
1.448144999999999777e-17
1.528567999999999923e-17
1.559532999999999666e-17
1.651554999999999837e-17
1.644467999999999438e-17
1.667208999999999492e-17
1.652744999999999752e-17
1.553433999999999803e-17
1.483779999999999973e-17
1.600867999999999762e-17
1.666647999999999731e-17
1.708178000000000156e-17
1.611452000000000106e-17
1.669443999999999851e-17
1.830491000000000008e-17
1.672196999999999700e-17
1.656247999999999540e-17
1.605510000000000018e-17
1.773821999999999651e-17
1.786827999999999965e-17
1.791380999999999913e-17
1.762837999999999833e-17
1.685476999999999987e-17
1.729435999999999739e-17
1.810207000000000093e-17
1.677430999999999992e-17
1.611103999999999898e-17
1.940890999999999975e-17
1.774922999999999565e-17
1.743601000000000002e-17
1.781676000000000318e-17
1.874113000000000036e-17
1.808903999999999877e-17
1.698063999999999934e-17
1.841587999999999818e-17
1.773477999999999647e-17
1.744456999999999961e-17
1.750579999999999817e-17
1.855522999999999891e-17
1.894098999999999677e-17
1.932411999999999975e-17
1.825816999999999966e-17
1.689474999999999710e-17
1.842030999999999871e-17
1.818650999999999923e-17
1.788712999999999859e-17
1.844780999999999952e-17
1.853466999999999969e-17
1.896873000000000060e-17
1.827903999999999853e-17
1.827750999999999974e-17
1.759715999999999858e-17
1.747980999999999974e-17
1.704375999999999966e-17
1.722954999999999935e-17
1.711488999999999999e-17
1.774617999999999935e-17
1.819087000000000003e-17
1.854500999999999928e-17
1.816442999999999942e-17
1.785612999999999621e-17
1.903719000000000093e-17
1.768093999999999861e-17
1.816011999999999886e-17
1.723469999999999967e-17
1.804121999999999867e-17
1.903055000000000078e-17
1.892217999999999987e-17
1.844257999999999820e-17
1.789198000000000053e-17
1.915993999999999821e-17
2.055309999999999890e-17
1.845078999999999918e-17
1.753990999999999837e-17
1.868801999999999742e-17
1.969531999999999667e-17
1.923733999999999751e-17
1.982875000000000013e-17
1.921016999999999891e-17
1.838838999999999865e-17
1.854916999999999911e-17
1.784685999999999811e-17
1.847086000000000034e-17
1.876828999999999768e-17
2.082767999999999948e-17
1.980291999999999755e-17
1.889253999999999916e-17
2.067608999999999919e-17
2.083490999999999817e-17
2.034094999999999961e-17
1.972373999999999825e-17
1.997222999999999992e-17
1.912453999999999916e-17
2.038525999999999995e-17
2.218180999999999830e-17
2.284143999999999515e-17
2.135931999999999644e-17
2.112363999999999956e-17
2.178691999999999870e-17
2.182069999999999976e-17
2.214818999999999924e-17
2.095712000000000023e-17
1.912699999999999999e-17
1.659920000000000024e-17
1.612284999999999892e-17
1.754354999999999938e-17
1.811814000000000118e-17
1.668541000000000342e-17
1.638347999999999966e-17
1.694438000000000105e-17
1.485743999999999819e-17
1.963457999999999926e-17
2.318441999999999762e-17
2.173231999999999900e-17
1.910476999999999945e-17
1.757773999999999750e-17
1.638890999999999887e-17
1.767387999999999705e-17
1.851638999999999674e-17
1.910014999999999924e-17
1.807315999999999821e-17
1.769072999999999862e-17
1.842214999999999715e-17
1.861480000000000051e-17
1.823165999999999933e-17
1.847057999999999836e-17
1.914759999999999817e-17
1.842137999999999712e-17
1.759044000000000052e-17
1.793970000000000015e-17
1.446309999999999818e-17
1.312984999999999797e-17
1.511294999999999938e-17
1.499196999999999773e-17
1.446651000000000053e-17
1.484906000000000009e-17
1.517107999999999832e-17
1.530137999999999831e-17
1.609499999999999948e-17
1.693832999999999945e-17
1.551384999999999854e-17
1.528463000000000031e-17
1.556939999999999975e-17
1.561169000000000017e-17
1.572878999999999779e-17
1.750247999999999502e-17
1.700203000000000012e-17
1.713705999999999901e-17
1.652779999999999921e-17
1.627371000000000121e-17
1.673155999999999912e-17
1.767259999999999947e-17
1.713565999999999838e-17
1.711870999999999941e-17
1.801795999999999869e-17
1.735172999999999757e-17
1.658492000000000435e-17
1.748473999999999961e-17
1.727367999999999821e-17
1.630834999999999843e-17
1.431569000000000028e-17
1.193612999999999998e-17
1.371946999999999776e-17
1.418113999999999817e-17
1.470203999999999977e-17
1.333367999999999914e-17
1.388633999999999879e-17
-2.542096999999999671e-18
4.638159999999999670e-17
2.942875000000000143e-17
2.787895999999999883e-17
1.360878999999999829e-17
1.419387000000000196e-17
1.514807999999999775e-17
1.581683999999999942e-17
1.462729999999999920e-17
1.568111999999999842e-17
1.393851999999999969e-17
1.419703000000000002e-17
1.490903999999999875e-17
1.535608999999999977e-17
1.603766999999999826e-17
1.554731999999999994e-17
1.565548999999999989e-17
1.628746000000000008e-17
1.670112999999999581e-17
1.555428999999999922e-17
1.397642999999999674e-17
1.439796000000000100e-17
1.631436999999999926e-17
1.486107999999999920e-17
1.496660999999999990e-17
1.491683999999999958e-17
1.511881000000000129e-17
1.724929999999999957e-17
1.593044999999999985e-17
1.607578999999999757e-17
1.624369999999999932e-17
1.645476000000000072e-17
1.530816999999999918e-17
1.660730999999999765e-17
1.609007999999999474e-17
1.631224999999999885e-17
1.686257000000000071e-17
1.770948000000000016e-17
1.677772000000000227e-17
1.807320999999999845e-17
1.740941000000000049e-17
1.767908999999999889e-17
1.618090999999999813e-17
1.512579999999999697e-17
1.731842000000000125e-17
1.789150999999999887e-17
1.784685999999999811e-17
1.844073999999999976e-17
1.786610999999999899e-17
1.766229000000000064e-17
1.782453000000000017e-17
1.647893999999999838e-17
1.844597999999999928e-17
1.636376000000000020e-17
1.595733999999999956e-17
1.603591999999999902e-17
1.661315000000000007e-17
1.690433999999999922e-17
1.716621999999999986e-17
1.728013999999999686e-17
1.685460999999999786e-17
1.686752999999999825e-17
1.815795999999999948e-17
1.722403999999999914e-17
1.704935999999999908e-17
1.851680999999999815e-17
1.731233999999999889e-17
1.772657000000000166e-17
1.690558999999999911e-17
1.816935999999999928e-17
1.861935999999999920e-17
1.825836999999999755e-17
1.849017999999999786e-17
1.900493999999999865e-17
1.943230999999999918e-17
1.919664999999999869e-17
1.957467000000000032e-17
1.954769999999999961e-17
2.068392000000000696e-17
1.825900999999999942e-17
1.759364000000000062e-17
1.705823999999999652e-17
1.895972999999999703e-17
1.890609999999999834e-17
1.941080999999999663e-17
1.865689999999999815e-17
2.088492000000000150e-17
2.014008999999999835e-17
2.025444999999999933e-17
2.073693000000000017e-17
1.996130999999999998e-17
2.067175000000000096e-17
2.075481000000000119e-17
2.059501999999999813e-17
2.053407000000000155e-17
1.972477999999999898e-17
1.920483999999999710e-17
2.124949999999999775e-17
2.068264999999999833e-17
2.014114000000000036e-17
2.181090999999999667e-17
2.135054999999999768e-17
1.905748999999999765e-17
2.088450999999999828e-17
2.145202999999999724e-17
1.953713999999999957e-17
2.078972000000000219e-17
2.205800999999999900e-17
2.196657000000000067e-17
2.047537999999999867e-17
2.031088999999999747e-17
2.095178999999999843e-17
2.108537999999999773e-17
2.173349000000000098e-17
2.352813999999999628e-17
2.005046999999999898e-17
2.164514000000000098e-17
2.330267000000000698e-17
2.188457999999999884e-17
2.217224000000000182e-17
2.316014999999999767e-17
2.187318999999999724e-17
2.279819999999999938e-17
2.172224000000000191e-17
2.310521999999999884e-17
2.210051999999999987e-17
2.182153999999999952e-17
2.137913999999999947e-17
2.172655999999999758e-17
2.262963999999999755e-17
2.374043999999999630e-17
2.202281999999999912e-17
2.290354999999999859e-17
2.240389999999999832e-17
2.436684999999999911e-17
2.420389999999999799e-17
2.151943000000000044e-17
2.116582999999999949e-17
2.353118999999999874e-17
2.349224999999999916e-17
2.328727000000000628e-17
2.186597999999999803e-17
2.300260000000000115e-17
2.314142000000000486e-17
2.396539000000000218e-17
2.263548999999999818e-17
2.329284999999999697e-17
2.203874999999999992e-17
2.669464999999999993e-17
2.817563000000000051e-17
2.588818000000000117e-17
2.497977000000000556e-17
2.331211999999999733e-17
2.226816999999999912e-17
2.139171999999999945e-17
2.120214999999999931e-17
2.604804000000000087e-17
2.638787000000000656e-17
2.622782000000000101e-17
2.345626000000000156e-17
2.338614999999999631e-17
2.272143999999999579e-17
2.413005999999999870e-17
2.571588000000000094e-17
2.427662000000000479e-17
2.431074999999999831e-17
2.623434999999999938e-17
2.353691999999999940e-17
2.195147999999999962e-17
2.239418000000000112e-17
2.475227000000000580e-17
2.402602000000000707e-17
2.257374999999999900e-17
2.328682999999999922e-17
2.519223999999999962e-17
2.521328999999999998e-17
2.391418999999999740e-17
2.258191000000000590e-17
2.212155999999999895e-17
2.272502999999999963e-17
2.441814999999999822e-17
2.274728999999999785e-17
2.225873999999999593e-17
2.438195000000000144e-17
2.340194999999999896e-17
2.363659000000000128e-17
2.339556000000000002e-17
2.461063999999999649e-17
2.446963000000000189e-17
2.525767000000000621e-17
2.505344999999999668e-17
2.593943999999999823e-17
2.587518999999999490e-17
2.524271000000000025e-17
2.494197000000000103e-17
2.552492999999999658e-17
2.710340000000000016e-17
2.722984000000000794e-17
2.618733000000000008e-17
2.492277000000000039e-17
2.588580999999999954e-17
2.660150999999999644e-17
2.483123999999999669e-17
2.636970999999999433e-17
2.682026999999999819e-17
2.476144999999999854e-17
2.502570000000000081e-17
2.651485999999999852e-17
2.445244999999999810e-17
2.608467999999999855e-17
2.679443000000000049e-17
2.601490999999999988e-17
2.548191999999999945e-17
2.576863999999999911e-17
2.641340999999999664e-17
2.670524000000000690e-17
2.755931999999999735e-17
2.718104000000000555e-17
2.677129999999999867e-17
2.744015999999999775e-17
2.679443000000000049e-17
2.578358999999999763e-17
2.539113999999999939e-17
2.606059000000000009e-17
2.549268999999999558e-17
2.611838999999999681e-17
2.524512999999999904e-17
2.529498000000000035e-17
2.699758999999999749e-17
2.597244999999999618e-17
2.544594999999999517e-17
2.452628999999999740e-17
2.569099000000000168e-17
2.507393999999999617e-17
2.668949999999999653e-17
2.785835999999999757e-17
2.688901999999999869e-17
2.597788999999999975e-17
2.653695999999999781e-17
2.587552000000000019e-17
2.687149000000000553e-17
2.652771999999999738e-17
2.739470999999999311e-17
2.701041000000000048e-17
2.591345999999999800e-17
2.626070000000000079e-17
2.631921999999999730e-17
2.674840999999999679e-17
2.680964999999999971e-17
2.681554999999999749e-17
2.615001000000000157e-17
2.528570999999999917e-17
2.556063000000000017e-17
2.778936000000000202e-17
2.707654999999999942e-17
2.727351000000000026e-17
2.724414999999999843e-17
2.745774999999999859e-17
2.750110999999999741e-17
2.794302000000000248e-17
2.618434999999999734e-17
2.737989999999999711e-17
2.508963000000000013e-17
2.573539999999999943e-17
2.590017999999999772e-17
2.708089999999999894e-17
2.710302999999999591e-17
2.797079999999999911e-17
2.841792999999999805e-17
2.609396000000000101e-17
2.730882000000000011e-17
2.797702000000000091e-17
2.790041999999999933e-17
2.663399000000000660e-17
2.650135999999999778e-17
2.804989999999999432e-17
2.895007999999999872e-17
2.779132999999999863e-17
2.698588000000000112e-17
2.805662999999999675e-17
2.703864999999999749e-17
2.776669000000000367e-17
2.914987000000000157e-17
2.633995999999999801e-17
2.745874999999999728e-17
2.738176999999999940e-17
2.717405999999999883e-17
2.809495000000000010e-17
2.798945999999999836e-17
2.529684999999999956e-17
2.719074000000000019e-17
2.766047999999999597e-17
2.788019999999999745e-17
2.913714000000000087e-17
2.744332000000000505e-17
3.015281999999999823e-17
2.841909999999999695e-17
2.836469000000000002e-17
2.746114999999999659e-17
2.801033000000000031e-17
2.975904000000000216e-17
2.770115999999999967e-17
2.788080999999999856e-17
2.833272999999999792e-17
2.915876000000000338e-17
2.866589999999999782e-17
2.896065000000000005e-17
2.913501000000000225e-17
2.844520999999999842e-17
2.887901999999999812e-17
2.769350999999999956e-17
2.916008999999999812e-17
2.918797999999999343e-17
2.782092999999999422e-17
2.804658999999999861e-17
2.965747000000000340e-17
2.792174000000000039e-17
2.920030999999999835e-17
2.784166000000000289e-17
2.780260999999999538e-17
2.945360999999999993e-17
2.919828000000000022e-17
2.968696999999999850e-17
2.941626999999999886e-17
2.785467999999999452e-17
2.892968999999999663e-17
2.884469999999999567e-17
2.921452999999999580e-17
2.956318000000000049e-17
2.938744000000000022e-17
2.910859000000000729e-17
2.953299999999999839e-17
2.763031999999999951e-17
2.984229000000000824e-17
3.026984000000000718e-17
2.937898000000000112e-17
2.834510000000000181e-17
2.798704999999999469e-17
2.817774000000000889e-17
2.866602000000000703e-17
3.004559999999999981e-17
2.994804000000000015e-17
2.935649999999999937e-17
2.911811999999999864e-17
2.807551999999999773e-17
2.937169999999999910e-17
2.905579999999999603e-17
2.833326999999999931e-17
2.761494999999999649e-17
2.856251999999999830e-17
2.940724999999999581e-17
3.057541000000000269e-17
2.920736999999999684e-17
2.993104000000000402e-17
3.048424000000000505e-17
3.014558000000000134e-17
3.031727000000000354e-17
3.040739999999999737e-17
2.946872000000000354e-17
2.961274000000000780e-17
2.976185999999999981e-17
2.893203000000000058e-17
2.974495999999999799e-17
2.901307999999999600e-17
2.691869999999999837e-17
2.625370999999999895e-17
2.686330999999999916e-17
2.683180999999999744e-17
2.863694000000000410e-17
2.657386999999999925e-17
2.596578999999999964e-17
2.582903999999999919e-17
2.799283999999999996e-17
2.677681999999999708e-17
2.731316999999999963e-17
2.568280999999999839e-17
2.482348999999999917e-17
2.691465999999999850e-17
2.615448999999999926e-17
2.491191000000000506e-17
2.495099000000000100e-17
2.557876999999999752e-17
2.879059000000000020e-17
2.623670999999999665e-17
2.728231999999999798e-17
2.616300999999999680e-17
2.527285999999999850e-17
2.723334999999999846e-17
2.781501000000000003e-17
2.740826000000000025e-17
2.679727000000000686e-17
2.936979999999999605e-17
2.636862999999999772e-17
2.585539999999999879e-17
2.978227000000000446e-17
2.448883999999999765e-17
2.330603999999999805e-17
2.835737999999999725e-17
2.453435999999999893e-17
2.353378000000000082e-17
2.838513999999999747e-17
2.639393999999999531e-17
2.369408999999999962e-17
2.781761999999999851e-17
2.803032999999999867e-17
2.363657999999999691e-17
2.589429999999999633e-17
2.835123000000000133e-17
2.730324999999999529e-17
2.395419999999999846e-17
2.697883999999999903e-17
2.766091999999999995e-17
2.619309000000000150e-17
2.352849000000000106e-17
2.743715999999999861e-17
2.803555999999999999e-17
2.639406999999999964e-17
2.527541999999999674e-17
2.658806999999999722e-17
2.705773000000000124e-17
2.713162000000000694e-17
2.587016000000000071e-17
2.659947999999999830e-17
2.596465000000000151e-17
1.973000999999999722e-17
1.605027000000000080e-17
2.011769999999999889e-17
2.414126999999999881e-17
2.636632999999999581e-17
2.477821999999999911e-17
2.347280000000000039e-17
2.357853999999999718e-17
2.442852999999999985e-17
2.340088000000000055e-17
2.278371000000000123e-17
2.410431000000000020e-17
2.473430999999999762e-17
2.542432999999999882e-17
2.369393999999999581e-17
2.359568000000000201e-17
2.472646999999999782e-17
2.444893000000000014e-17
2.512802999999999833e-17
2.624362000000000057e-17
2.481468999999999965e-17
2.423686999999999698e-17
2.490691000000000547e-17
2.496963000000000077e-17
2.458151999999999768e-17
2.541696999999999888e-17
2.523856000000000170e-17
2.286686000000000067e-17
2.092760000000000257e-17
2.298842999999999779e-17
2.528521999999999803e-17
2.520650999999999731e-17
2.503691000000000709e-17
2.386255999999999608e-17
2.357448999999999912e-17
2.391594999999999792e-17
2.523707000000000803e-17
2.485257999999999722e-17
2.505961999999999824e-17
2.491369999999999709e-17
2.357946999999999923e-17
2.450327999999999863e-17
2.548736999999999814e-17
2.384864999999999520e-17
2.559553999999999808e-17
2.575747000000000720e-17
2.598443999999999761e-17
2.450337999999999911e-17
2.498472000000000182e-17
2.585583999999999661e-17
2.696807999999999802e-17
2.709396000000000185e-17
2.703090999999999817e-17
2.594918999999999620e-17
2.681738999999999902e-17
2.758453999999999882e-17
2.713071999999999949e-17
2.768142000000000689e-17
2.714237999999999562e-17
2.610955999999999960e-17
2.745541000000000080e-17
2.732807999999999919e-17
2.631659999999999754e-17
2.661754999999999901e-17
2.744827000000000132e-17
2.586027000000000022e-17
2.535589999999999926e-17
2.310887999999999933e-17
2.684610999999999589e-17
3.115064000000000637e-17
2.776126999999999958e-17
2.334967999999999577e-17
2.607172999999999739e-17
2.647617999999999835e-17
2.583223999999999930e-17
2.444805999999999962e-17
2.589392999999999823e-17
2.721157000000000011e-17
2.571969999999999727e-17
2.441715999999999773e-17
2.574673999999999771e-17
2.458050999999999771e-17
2.512082000000000528e-17
2.609124999999999897e-17
2.565894999999999858e-17
2.603300000000000007e-17
2.551949999999999737e-17
2.721405999999999862e-17
2.588005000000000120e-17
2.698325999999999828e-17
2.737336999999999874e-17
2.514351000000000003e-17
2.593812999999999989e-17
2.584329000000000048e-17
2.512321999999999843e-17
2.506117999999999779e-17
2.507987000000000089e-17
2.645179999999999664e-17
2.718487000000000009e-17
2.627263999999999889e-17
2.602910999999999785e-17
2.587168999999999642e-17
2.694151999999999745e-17
2.706619999999999854e-17
2.730227000000000533e-17
2.558734999999999967e-17
2.671689999999999995e-17
2.557531999999999928e-17
2.540840999999999621e-17
2.723358000000000019e-17
2.767476000000000111e-17
2.831632999999999853e-17
2.725364999999999519e-17
2.808291999999999663e-17
2.736284999999999766e-17
2.760499000000000552e-17
2.933530000000000136e-17
2.874840999999999539e-17
2.775554999999999711e-17
2.753117999999999774e-17
2.664109999999999917e-17
2.771789000000000128e-17
2.884876999999999629e-17
2.915497999999999984e-17
2.739267999999999806e-17
2.695386999999999877e-17
2.496829000000000167e-17
2.547033999999999816e-17
2.635473999999999940e-17
2.805934000000000187e-17
2.689842999999999624e-17
2.690380000000000009e-17
2.616251000000000054e-17
2.608831000000000135e-17
2.615001999999999669e-17
2.564882999999999636e-17
2.652814000000000497e-17
2.533054999999999654e-17
2.547334999999999858e-17
2.668303999999999788e-17
2.727032000000000143e-17
2.691985000000000086e-17
2.608896000000000142e-17
2.627783999999999945e-17
2.677152999999999732e-17
2.712322999999999831e-17
2.816139999999999869e-17
2.825330999999999869e-17
2.818371000000000023e-17
2.848444000000000433e-17
2.577064999999999776e-17
2.864534999999999988e-17
2.631195999999999785e-17
2.814586999999999674e-17
2.857299999999999734e-17
2.816387999999999593e-17
2.677227999999999788e-17
2.825194999999999703e-17
2.815567000000000111e-17
2.667952999999999812e-17
2.893704999999999657e-17
2.746436999999999617e-17
2.693591999999999803e-17
2.839749999999999700e-17
2.846425999999999525e-17
2.887242000000000310e-17
2.927211999999999951e-17
2.745277999999999668e-17
2.812847999999999687e-17
2.902929999999999698e-17
2.813295999999999763e-17
2.813308000000000068e-17
2.806928999999999773e-17
2.645916999999999785e-17
2.902155999999999767e-17
2.830352999999999811e-17
2.815869999999999793e-17
2.813585000000000117e-17
2.837231000000000245e-17
2.971102000000000725e-17
3.038075999999999888e-17
2.888084000000000324e-17
2.817774000000000889e-17
2.878257000000000199e-17
2.887562000000000012e-17
2.734799000000000142e-17
2.869217000000000130e-17
2.872234000000000520e-17
2.913560999999999900e-17
2.937573999999999897e-17
2.875040000000000072e-17
2.847030999999999685e-17
2.921789999999999920e-17
2.933814999999999977e-17
3.026477999999999990e-17
2.800971999999999921e-17
2.612655000000000062e-17
2.783492000000000226e-17
2.846913999999999795e-17
2.855533999999999677e-17
2.804679999999999778e-17
2.802764000000000227e-17
2.842954000000000319e-17
3.004235999999999766e-17
2.852077000000000235e-17
2.944498000000000061e-17
2.822909000000000207e-17
2.763552999999999827e-17
2.918229000000000713e-17
2.811042999999999873e-17
2.905569000000000351e-17
2.855832000000000875e-17
2.836657999999999871e-17
2.874236999999999815e-17
3.003995000000000015e-17
3.039901999999999619e-17
2.950342999999999740e-17
3.010854000000000789e-17
2.933573999999999610e-17
2.834534999999999994e-17
2.991110999999999922e-17
3.000150999999999375e-17
2.919247000000000472e-17
3.021211999999999605e-17
2.855268999999999317e-17
2.915155999999999929e-17
2.954565999999999937e-17
2.828162999999999671e-17
2.847795000000000184e-17
2.934459999999999714e-17
2.953380000000000227e-17
2.982745999999999736e-17
3.160282000000000207e-17
3.066892000000000428e-17
3.066500999999999950e-17
3.016338999999999955e-17
3.023450999999999552e-17
3.108160999999999773e-17
2.806414000000000049e-17
2.977542999999999719e-17
3.068114999999999640e-17
3.167244999999999512e-17
3.035371000000000024e-17
3.009829999999999645e-17
3.117681999999999524e-17
3.194459000000000668e-17
3.074329999999999880e-17
3.100201999999999830e-17
3.170789999999999750e-17
3.005139999999999711e-17
3.109241000000000079e-17
3.136372999999999974e-17
3.183321999999999739e-17
3.088823999999999766e-17
3.144232999999999869e-17
3.144474999999999440e-17
3.079491999999999884e-17
3.005834999999999691e-17
3.044281000000000079e-17
3.003809000000000223e-17
3.109037000000000446e-17
3.079172999999999385e-17
3.088210999999999814e-17
3.114768999999999515e-17
2.964235000000000159e-17
2.984742999999999495e-17
3.079525000000000105e-17
3.076832999999999750e-17
2.872261999999999793e-17
2.925349000000000102e-17
3.188037000000000719e-17
3.122552999999999535e-17
3.170514000000000138e-17
3.212859999999999712e-17
3.269665999999999747e-17
3.239723999999999787e-17
3.137524999999999643e-17
3.194703999999999699e-17
3.234452999999999687e-17
3.204032999999999505e-17
3.235157999999999715e-17
3.226986999999999730e-17
3.132624000000000719e-17
3.307374000000000502e-17
3.287745999999999885e-17
3.281910999999999638e-17
3.212074000000000092e-17
3.176729999999999582e-17
3.147587999999999802e-17
3.359077999999999592e-17
2.925925999999999757e-17
3.008838000000000136e-17
3.029150999999999452e-17
3.247489000000000146e-17
3.381075999999999989e-17
3.329230999999999784e-17
3.349554999999999585e-17
3.354359000000000564e-17
3.346417000000000025e-17
3.336380999999999935e-17
3.318204999999999825e-17
3.398912000000000300e-17
3.314157999999999988e-17
3.404767000000000643e-17
3.313743999999999953e-17
3.215104999999999811e-17
3.130263999999999755e-17
3.118011000000000071e-17
3.342554999999999545e-17
3.275840999999999793e-17
3.394354999999999839e-17
3.426838000000000223e-17
3.230015999999999808e-17
3.348249000000000525e-17
3.452549000000000194e-17
3.439282000000000032e-17
3.359800999999999461e-17
3.394549999999999860e-17
3.370887999999999531e-17
3.260754999999999872e-17
3.339890999999999695e-17
3.339825999999999688e-17
3.305700999999999725e-17
3.331742999999999883e-17
3.177629999999999631e-17
3.161395999999999937e-17
3.403069000000000053e-17
3.450670000000000144e-17
3.490666000000000035e-17
3.405164000000000041e-17
3.355431999999999665e-17
3.386713000000000138e-17
3.385125999999999902e-17
3.363611999999999879e-17
3.438064999999999740e-17
3.418356000000000148e-17
3.405260000000000013e-17
3.252799000000000005e-17
3.328304999999999486e-17
3.506379999999999673e-17
3.452242999999999820e-17
3.349946999999999883e-17
3.402218999999999630e-17
3.229099999999999558e-17
3.212009999999999905e-17
3.391933999999999997e-17
3.295968999999999753e-17
3.344555999999999816e-17
3.415514999999999502e-17
3.270518999999999630e-17
3.429495999999999921e-17
3.386874000000000734e-17
3.283480999999999854e-17
3.413031999999999728e-17
3.400392999999999899e-17
3.430763999999999658e-17
3.307120999999999830e-17
3.337271999999999755e-17
3.310176999999999978e-17
3.305620999999999954e-17
3.244966999999999999e-17
3.490790999999999716e-17
3.179609999999999985e-17
3.214563000000000018e-17
3.449104999999999644e-17
3.434650999999999952e-17
3.374613999999999845e-17
3.354020999999999789e-17
3.346387999999999700e-17
3.301932999999999577e-17
3.334133999999999580e-17
3.472309999999999668e-17
3.525192999999999728e-17
3.382070999999999574e-17
3.599305999999999790e-17
3.579376999999999747e-17
3.445848999999999759e-17
3.637768999999999583e-17
3.558307999999999725e-17
3.528126999999999654e-17
3.561839999999999838e-17
3.514077999999999768e-17
3.439244999999999914e-17
3.406560999999999973e-17
3.453381999999999980e-17
3.478052999999999839e-17
3.538931000000000140e-17
3.541682999999999553e-17
3.565789999999999883e-17
3.448808999999999935e-17
3.500976000000000098e-17
3.483395000000000099e-17
3.542924000000000454e-17
3.473921999999999718e-17
3.651239999999999378e-17
3.600031999999999735e-17
3.548916999999999988e-17
3.412299000000000427e-17
3.410832000000000772e-17
3.398340999999999565e-17
3.651840999999999641e-17
3.600119999999999915e-17
3.674801000000000018e-17
3.586097999999999482e-17
3.725632999999999564e-17
3.482663000000000001e-17
3.491324999999999717e-17
3.522657000000000252e-17
3.502774000000000556e-17
3.593344999999999425e-17
3.701347999999999851e-17
3.553392000000000421e-17
3.428629999999999913e-17
3.711869999999999956e-17
3.302839000000000395e-17
3.009270000000000012e-17
2.962709000000000649e-17
3.270885000000000295e-17
3.356635999999999832e-17
3.586835999999999732e-17
3.548422999999999565e-17
3.494965999999999927e-17
3.571637999999999638e-17
3.495144999999999747e-17
2.789880999999999954e-17
2.869944000000000512e-17
3.207189000000000754e-17
3.374216000000000011e-17
3.396774000000000658e-17
3.644159999999999567e-17
3.378789000000000056e-17
3.484824999999999636e-17
3.447670999999999595e-17
3.322946999999999641e-17
3.469775999999999833e-17
3.420338999999999962e-17
3.624433999999999954e-17
3.570116000000000024e-17
3.470862999999999494e-17
3.378396999999999758e-17
3.453677999999999689e-17
3.522196999999999871e-17
3.643642999999999587e-17
3.554938000000000027e-17
3.384122999999999908e-17
3.413409999999999465e-17
3.396412000000000505e-17
3.545461999999999570e-17
3.553294000000000808e-17
3.697806999999999509e-17
3.594709000000000368e-17
3.593065999999999737e-17
3.450277000000000026e-17
3.762531999999999910e-17
3.535957000000000636e-17
3.462585999999999488e-17
3.565662000000000741e-17
3.622871999999999530e-17
3.692267999999999588e-17
3.551330999999999858e-17
3.604956999999999884e-17
3.523149000000000419e-17
3.433251999999999764e-17
3.622547999999999315e-17
3.643330999999999677e-17
3.643487999999999760e-17
3.894498000000000091e-17
3.624481999999999940e-17
3.700467000000000079e-17
3.677782999999999931e-17
3.630672999999999570e-17
3.535902000000000061e-17
3.482204999999999876e-17
3.506118999999999825e-17
3.368348999999999979e-17
3.577996000000000016e-17
3.814576000000000032e-17
3.725929999999999710e-17
3.687298999999999965e-17
3.704400999999999923e-17
3.668835999999999758e-17
3.733558000000000083e-17
3.651518999999999683e-17
3.674968999999999970e-17
3.692603999999999491e-17
3.430067000000000039e-17
3.418884999999999816e-17
3.589929999999999817e-17
3.557709000000000334e-17
3.488724999999999438e-17
3.566001000000000104e-17
3.641612999999999606e-17
3.645409999999999464e-17
3.714496999999999688e-17
3.669906000000000015e-17
3.581901999999999971e-17
3.545795999999999833e-17
3.564007999999999625e-17
3.687760000000000167e-17
3.609046999999999991e-17
3.263126999999999909e-17
3.384791999999999638e-17
3.644753000000000038e-17
3.611069999999999999e-17
3.556057999999999910e-17
3.411905999999999693e-17
3.736911999999999580e-17
3.441383999999999992e-17
3.702476999999999963e-17
3.609732999999999742e-17
3.596211999999999704e-17
3.419200999999999622e-17
3.494794000000000696e-17
3.346766000000000053e-17
3.341947999999999745e-17
3.385501000000000179e-17
3.473201000000000105e-17
3.698205999999999780e-17
3.400905999999999983e-17
3.483456000000000210e-17
3.594889999999999828e-17
3.452789000000000125e-17
3.572731999999999888e-17
3.537001999999999848e-17
3.479280000000000179e-17
3.570814000000000697e-17
3.545182999999999881e-17
3.664666999999999699e-17
3.696640999999999896e-17
3.460444999999999770e-17
3.211839999999999698e-17
3.189172999999999570e-17
3.531974999999999574e-17
3.620181999999999431e-17
3.474379999999999843e-17
3.477545000000000088e-17
3.393474999999999887e-17
3.371832000000000903e-17
3.408971999999999767e-17
3.535988999999999805e-17
3.492826999999999850e-17
3.445311999999999683e-17
3.563101000000000220e-17
3.755996000000000148e-17
3.694847999999999770e-17
3.453234999999999945e-17
3.242670000000000018e-17
3.469194999999999666e-17
3.369666999999999959e-17
3.224962000000000081e-17
3.423700999999999868e-17
3.394194000000000476e-17
3.310537000000000491e-17
3.351061999999999433e-17
3.447834999999999650e-17
3.355380999999999603e-17
3.476572999999999443e-17
3.652877999999999677e-17
3.526949999999999556e-17
3.224055999999999880e-17
3.371452000000000293e-17
3.409593999999999947e-17
3.535137999999999562e-17
3.495338999999999948e-17
3.602992999999999730e-17
3.718859999999999947e-17
3.630735000000000118e-17
3.574174000000000346e-17
3.550844999999999844e-17
3.367644999999999771e-17
3.262335000000000136e-17
3.103292000000000019e-17
3.382812999999999720e-17
3.594693999999999987e-17
3.419910999999999983e-17
3.192765999999999794e-17
3.336989999999999374e-17
3.518171999999999771e-17
3.139987000000000115e-17
3.202986999999999857e-17
3.313524000000000735e-17
3.539758999999999593e-17
3.539013999999999987e-17
3.616355000000000045e-17
3.532569000000000481e-17
3.483180999999999801e-17
3.356436999999999915e-17
3.492887000000000140e-17
3.967320000000000241e-17
3.575048999999999966e-17
3.314300999999999510e-17
3.588443000000000066e-17
3.557286000000000070e-17
3.599664999999999866e-17
3.641023999999999647e-17
3.563582999999999722e-17
3.501359999999999987e-17
3.473297000000000077e-17
3.457955000000000025e-17
3.366345999999999451e-17
3.808907999999999917e-17
3.713914999999999701e-17
3.389731999999999552e-17
3.457773000000000128e-17
3.422219999999999652e-17
3.371197999999999801e-17
3.622999999999999904e-17
3.576588000000000216e-17
3.579969999999999602e-17
3.422872000000000594e-17
3.262434000000000185e-17
3.393939000000000781e-17
3.659349000000000049e-17
3.707269999999999842e-17
3.839210999999999593e-17
3.399985000000000016e-17
3.245833000000000007e-17
2.878507999999999382e-17
3.193041000000000203e-17
3.338198999999999874e-17
3.370358000000000043e-17
3.514477999999999859e-17
3.493617999999999802e-17
3.452775999999999384e-17
3.420892000000000240e-17
3.582900999999999452e-17
3.469966999999999957e-17
3.470052999999999881e-17
3.572240999999999541e-17
3.395822000000000110e-17
3.409237999999999947e-17
3.429274000000000447e-17
3.372080000000000010e-17
3.391484000000000897e-17
3.311835999999999577e-17
3.518929999999999502e-17
3.687818000000000201e-17
3.486710999999999658e-17
3.641687999999999662e-17
3.430135999999999942e-17
3.550729000000000391e-17
3.611423999999999743e-17
3.392036000000000121e-17
3.347978000000000013e-17
3.273961999999999743e-17
3.447747000000000703e-17
3.531080999999999677e-17
3.456514999999999823e-17
3.434599999999999890e-17
3.499422999999999287e-17
3.578708000000000017e-17
3.460224000000000116e-17
3.384690000000000130e-17
3.456686999999999671e-17
3.473790999999999884e-17
3.481056999999999488e-17
3.472710999999999578e-17
3.479031000000000019e-17
3.479866000000000062e-17
3.459637999999999617e-17
3.498229000000000401e-17
3.484487999999999913e-17
3.530230999999999870e-17
3.517231999999999528e-17
3.511324999999999919e-17
3.256201000000000104e-17
3.327165999999999942e-17
3.424880999999999425e-17
3.443385000000000263e-17
3.411453999999999720e-17
3.636031999999999851e-17
3.636907000000000087e-17
3.679094999999999758e-17
3.642530999999999496e-17
3.491354999999999862e-17
3.548852000000000597e-17
3.509757999999999779e-17
3.560614999999999754e-17
3.507529000000000497e-17
3.356768999999999306e-17
3.245258999999999812e-17
3.276634000000000002e-17
3.251497000000000842e-17
3.267261999999999925e-17
3.362199999999999566e-17
3.441250999999999901e-17
3.440477000000000586e-17
3.453652000000000056e-17
3.646989999999999728e-17
3.522314999999999580e-17
3.446368999999999815e-17
3.533436999999999512e-17
3.433061000000000256e-17
3.580378000000000101e-17
3.428747000000000419e-17
3.532774999999999754e-17
3.553138999999999749e-17
3.494692999999999775e-17
3.404354999999999632e-17
3.314047999999999454e-17
3.225855999999999978e-17
3.054691999999999831e-17
3.105992999999999986e-17
3.183505999999999891e-17
3.107589000000000452e-17
3.278166999999999483e-17
3.314166999999999600e-17
3.483602000000000424e-17
3.374523000000000205e-17
3.507508999999999784e-17
3.551380999999999484e-17
3.604427999999999600e-17
3.622934999999999897e-17
3.713655999999999493e-17
3.708919999999999829e-17
3.638024999999999714e-17
3.579327000000000121e-17
3.517719999999999799e-17
3.537143999999999550e-17
3.502558000000000002e-17
3.604426999999999780e-17
3.575541999999999952e-17
3.613923999999999537e-17
3.721222999999999755e-17
3.600588000000000088e-17
3.519943000000000160e-17
3.665186999999999755e-17
3.549018999999999496e-17
3.543097999999999942e-17
3.536834999999999716e-17
3.674421999999999845e-17
3.848460999999999447e-17
3.741304000000000164e-17
3.746282999999999836e-17
3.547299000000000402e-17
3.659681000000000056e-17
3.792152999999999731e-17
3.573546999999999833e-17
3.735693000000000264e-17
3.759465999999999714e-17
3.712007999999999762e-17
3.670931999999999565e-17
3.652010999999999849e-17
3.770472000000000193e-17
3.695052000000000020e-17
3.664761000000000032e-17
3.645530000000000045e-17
3.764719999999999794e-17
3.571399000000000759e-17
3.855184999999999875e-17
3.922212999999999793e-17
3.655807999999999707e-17
3.918320999999999783e-17
3.720362000000000080e-17
3.838195000000000091e-17
3.871680999999999852e-17
3.825009999999999956e-17
3.638494999999999528e-17
3.657784000000000165e-17
3.572392999999999908e-17
3.788930999999999888e-17
3.667078999999999930e-17
3.748030000000000232e-17
3.686777999999999473e-17
3.645155999999999588e-17
3.511584000000000743e-17
3.643672999999999732e-17
3.851504999999999907e-17
3.688568000000000139e-17
3.769452999999999998e-17
3.572467999999999347e-17
3.758597999999999450e-17
3.713400999999999798e-17
3.706595999999999779e-17
3.881262999999999714e-17
3.733518999999999709e-17
3.729775000000000170e-17
3.785512999999999588e-17
3.797671999999999555e-17
3.793034000000000120e-17
3.782036000000000049e-17
3.789262999999999895e-17
3.831704000000000238e-17
3.748361999999999623e-17
3.808081999999999487e-17
3.648443000000000054e-17
3.794770000000000031e-17
3.771678999999999820e-17
3.898791999999999831e-17
3.857234999999999952e-17
3.754873999999999392e-17
3.750434000000000054e-17
3.719871999999999553e-17
3.759784999999999596e-17
3.667140999999999860e-17
3.541122000000000716e-17
3.500106000000000194e-17
3.493090999999999774e-17
3.405329999999999736e-17
3.310721999999999847e-17
3.431300999999999735e-17
3.485329000000000107e-17
3.833991999999999991e-17
3.870146000000000114e-17
3.809497999999999695e-17
3.696126000000000173e-17
3.761099999999999500e-17
3.820414999999999558e-17
3.615470999999999580e-17
3.506549000000000060e-17
3.633537999999999593e-17
3.877632999999999372e-17
3.945456999999999574e-17
4.036904000000000964e-17
3.900985999999999867e-17
3.756985999999999400e-17
3.823972999999999921e-17
4.015175000000000207e-17
3.942354999999999697e-17
3.400656999999999823e-17
3.337715000000000116e-17
3.661141999999999558e-17
3.691771999999999525e-17
3.628988999999999541e-17
3.683586999999999596e-17
3.979789999999999683e-17
4.034213999999999633e-17
3.811283999999999849e-17
3.770958999999999411e-17
3.732269999999999632e-17
3.802282999999999538e-17
3.954683000000000052e-17
4.013999999999999749e-17
3.869593999999999657e-17
3.765677000000000058e-17
3.970830000000000002e-17
3.767625000000000011e-17
3.761286999999999729e-17
3.735530999999999849e-17
3.910059999999999977e-17
3.851579000000000142e-17
3.821166999999999753e-17
3.763531000000000008e-17
3.916133999999999719e-17
3.867188999999999399e-17
3.902698999999999605e-17
3.900123999999999755e-17
4.014673999999999812e-17
3.973063999999999615e-17
4.039538999999999872e-17
4.085723999999999754e-17
4.020974999999999976e-17
3.993639999999999651e-17
4.012133999999999824e-17
3.827510999999999570e-17
4.013216999999999590e-17
3.874456000000000055e-17
3.639858999999999854e-17
3.846291000000000020e-17
3.822172000000000003e-17
3.862216999999999700e-17
3.941307999999999613e-17
3.967509999999999930e-17
4.033478999999999459e-17
4.114593999999999817e-17
4.072900999999999772e-17
3.896505999999999718e-17
3.892320000000000255e-17
4.042065999999999736e-17
4.058045999999999553e-17
4.061296999999999722e-17
4.233241999999999773e-17
4.178571999999999739e-17
4.065887999999999608e-17
3.863974999999999964e-17
3.835481999999999819e-17
3.942925999999999815e-17
4.061335999999999480e-17
4.254929000000000080e-17
4.035367999999999557e-17
3.957600999999999777e-17
3.818086999999999612e-17
3.883536999999999522e-17
4.110651999999999565e-17
4.083375999999999711e-17
4.161534999999999789e-17
4.116664000000001224e-17
3.833210999999999471e-17
3.823329000000000003e-17
4.037159000000000044e-17
4.310039000000001630e-17
4.165276999999999688e-17
3.989335999999999863e-17
4.030387999999999450e-17
4.049643999999999249e-17
3.998078999999999786e-17
4.167764999999999794e-17
4.098970999999999203e-17
4.000643999999999587e-17
4.175936999999999599e-17
4.110378999999999412e-17
4.231136999999999737e-17
4.254111999999999878e-17
3.978175999999999993e-17
3.932112999999999717e-17
4.175650999999999322e-17
4.100380000000000056e-17
4.163910999999999722e-17
4.138370999999999779e-17
4.107241999999999673e-17
3.947694999999999701e-17
3.901591999999999847e-17
3.878817999999999878e-17
3.757003000000000038e-17
3.645408999999999644e-17
3.877127999999999697e-17
4.102681999999999753e-17
4.198846999999999734e-17
4.188322999999999989e-17
4.220007000000001245e-17
4.162581999999999873e-17
4.236906999999999976e-17
4.220626999999999937e-17
4.295384999999999736e-17
4.153393999999999949e-17
4.075072999999999455e-17
4.050166999999999998e-17
3.805601999999999790e-17
3.603934999999999613e-17
3.835420999999999708e-17
4.855010999999999996e-17
4.598741999999999869e-17
3.808492000000000242e-17
4.146372000000000173e-17
4.108930999999999418e-17
4.309377000000000023e-17
4.328380999999998354e-17
4.207095000000000030e-17
4.052019999999999798e-17
4.077116999999999997e-17
3.808419999999999646e-17
4.081279999999999903e-17
4.213138999999999626e-17
4.135460000000000026e-17
4.197479999999999331e-17
4.126101999999999895e-17
4.321217000000001340e-17
4.269604999999999246e-17
4.207252000000000114e-17
4.208160999999999775e-17
4.234255999999998402e-17
4.322497000000000150e-17
4.301487999999999802e-17
4.195690999999999717e-17
4.126868000000000034e-17
4.236647999999999768e-17
4.207985999999999851e-17
4.063586999999999731e-17
3.955663999999999693e-17
4.001858999999999623e-17
4.220543999999999473e-17
4.175205999999999938e-17
3.988728999999999447e-17
3.978252999999999688e-17
3.961084999999999904e-17
3.863982999999999756e-17
4.106553999999999665e-17
3.941697999999999655e-17
3.924375000000000043e-17
3.975632000000000109e-17
4.145074000000000906e-17
4.021156999999999872e-17
4.049007999999999741e-17
4.126548999999999535e-17
4.174454000000001592e-17
3.985090000000000109e-17
3.992865999999999720e-17
4.244718999999999885e-17
4.075352999999999580e-17
3.865342999999999570e-17
4.283784999999999582e-17
4.319475999999999248e-17
4.082621000000000056e-17
4.176715999999998014e-17
4.104137999999999539e-17
4.213324999999999419e-17
4.088512000000000081e-17
4.150347999999999850e-17
3.980562999999999794e-17
4.260390999999999689e-17
4.172045999999998176e-17
4.379143000000000026e-17
4.210200999999999804e-17
4.161295999999998446e-17
4.300963999999999850e-17
4.338250999999999982e-17
4.242400999999999371e-17
4.235659000000000952e-17
4.299094000000000029e-17
4.246611999999999880e-17
4.285935999999999348e-17
4.315980999999999252e-17
4.357225999999999220e-17
4.003025999999999672e-17
3.971926999999999711e-17
3.964777999999999381e-17
4.217965999999998314e-17
4.237664999999999707e-17
4.304852999999999784e-17
4.167014999999999855e-17
4.258882999999999404e-17
4.198373999999999844e-17
3.873773999999999584e-17
4.057398999999999560e-17
4.028065999999999656e-17
4.163910999999999722e-17
4.113740999999999934e-17
4.144236999999999991e-17
4.222104000000000256e-17
4.353672999999999806e-17
4.283929000000000156e-17
4.122924999999999961e-17
3.899820000000000254e-17
4.089878000000000048e-17
4.341403999999999922e-17
4.153060999999999506e-17
3.820964999999999759e-17
3.755822999999999864e-17
4.016934999999999495e-17
4.056314999999999975e-17
3.891427000000000178e-17
4.224417999999999642e-17
4.452015999999999623e-17
4.302619000000001403e-17
4.490632000000001452e-17
4.430710999999998333e-17
4.109348999999999965e-17
4.190484000000000420e-17
4.279483000000000049e-17
4.097367000000000178e-17
4.129066999999999786e-17
4.383679999999999773e-17
4.255047000000001021e-17
4.314351999999999798e-17
4.472824999999999617e-17
4.613069999999999444e-17
4.175454000000001510e-17
4.147377000000000423e-17
4.348120999999999761e-17
4.253396999999999801e-17
4.261707999999999233e-17
4.193235999999999833e-17
4.366542000000000134e-17
4.324347999999999695e-17
4.057297000000000051e-17
4.357699000000000959e-17
4.494193999999999861e-17
4.476592999999999765e-17
4.533603999999999870e-17
4.077501999999999706e-17
4.033386999999999999e-17
4.454029000000000199e-17
4.251071999999999931e-17
4.290805000000000335e-17
4.609669999999999600e-17
4.457138999999999869e-17
4.543482999999999877e-17
4.582815999999999574e-17
4.455154999999999618e-17
3.951692999999999731e-17
3.932664999999999558e-17
4.594789000000001598e-17
4.500902999999999908e-17
4.652454000000001052e-17
4.478261999999999413e-17
4.337417999999999580e-17
4.091304999999999509e-17
4.126168999999999541e-17
4.390745999999999640e-17
4.541335999999998158e-17
4.430162999999999620e-17
4.106239000000000912e-17
4.235846999999999768e-17
4.317812999999999752e-17
4.429072999999999883e-17
4.437999999999999959e-17
4.348601999999999442e-17
4.270685999999999371e-17
4.324080999999999694e-17
4.331078000000000274e-17
4.133858000000000025e-17
4.352450999999999798e-17
4.555682999999999858e-17
4.298805000000000292e-17
4.049568999999999810e-17
4.401201999999999918e-17
4.551056999999999495e-17
4.798560000000000142e-17
4.750748999999999649e-17
4.650228999999999817e-17
4.930997999999999159e-17
4.699282999999998386e-17
4.310295999999998500e-17
4.255699999999999318e-17
4.409666000000000152e-17
4.863886999999999393e-17
4.936792999999999212e-17
4.524356999999999475e-17
4.584567999999999686e-17
4.649743000000000419e-17
4.589128999999999426e-17
4.224065999999999537e-17
4.229770999999999770e-17
4.664454999999999883e-17
4.864595999999999318e-17
4.892965999999998189e-17
4.902102999999999899e-17
4.273297999999999338e-17
3.988919999999999572e-17
4.046402999999999746e-17
4.167165999999999786e-17
5.165133999999999775e-17
7.009909999999999703e-17
3.820789999999999835e-17
9.184986999999998996e-17
8.818146999999997949e-17
6.670381999999999425e-17
3.923056999999999447e-17
3.772333999999999606e-17
4.176926000000000264e-17
4.848843999999999742e-17
4.844420999999997959e-17
4.087509999999999908e-17
3.215408999999999929e-17
3.570124999999999637e-17
4.279830999999999641e-17
4.773707999999999590e-17
4.534194000000000265e-17
3.566354999999999848e-17
3.245219999999999438e-17
3.902961999999999709e-17
4.094321999999999899e-17
4.315863000000000159e-17
4.249026999999999570e-17
3.997605999999999897e-17
4.071421999999999813e-17
4.574587999999999374e-17
4.492389999999999867e-17
3.981199999999999739e-17
3.467177999999999810e-17
4.025637000000000021e-17
4.848164000000001376e-17
4.887172999999999625e-17
4.105274999999999443e-17
3.497896999999999777e-17
3.400342999999999657e-17
4.001408999999999906e-17
4.675857999999999760e-17
5.126842000000001242e-17
5.041392999999999718e-17
5.097953000000000286e-17
4.804252999999999453e-17
4.393728999999999988e-17
3.479921999999999840e-17
3.119781999999999844e-17
4.028883999999999677e-17
4.735502000000000365e-17
5.067140999999999190e-17
4.916423999999999501e-17
4.846021999999999373e-17
4.906179999999999882e-17
4.414396999999999484e-17
3.744773999999999731e-17
3.288393999999999699e-17
3.488704999999999957e-17
4.184232999999999882e-17
4.261802999999999385e-17
3.605127999999999912e-17
2.827834000000000356e-17
3.331360999999999633e-17
4.504661999999999828e-17
4.857051000000000025e-17
4.847967000000001099e-17
4.755747999999999417e-17
4.637909000000001103e-17
4.612416000000000094e-17
4.969888999999999548e-17
4.992002999999999398e-17
4.815962999999999524e-17
4.331113000000000136e-17
3.837416999999999647e-17
3.167525999999999457e-17
3.334752999999999684e-17
3.356426999999999867e-17
3.316924999999999782e-17
4.320897999999999609e-17
4.855384000000000017e-17
4.313685000000000324e-17
4.317298999999999849e-17
4.759950999999999518e-17
4.671209999999999660e-17
4.907326000000000014e-17
5.030801999999999710e-17
4.625574999999999363e-17
4.356592999999999788e-17
4.677718999999999969e-17
4.624944000000000187e-17
3.889542999999999796e-17
3.205362999999999790e-17
2.864294000000000854e-17
3.535637999999999521e-17
4.151611999999999692e-17
4.572701999999999968e-17
4.817514000000000079e-17
4.772378999999999741e-17
4.752848999999999969e-17
4.318994999999999566e-17
4.062072000000000090e-17
4.606446999999999937e-17
5.183582000000000218e-17
5.264987999999999953e-17
5.220138999999999892e-17
4.975353999999999850e-17
4.616627999999999190e-17
4.732204999999999850e-17
4.256072000000000136e-17
4.027146000000000126e-17
4.627319999999999503e-17
5.127058999999999768e-17
5.149250999999999749e-17
5.443271999999999489e-17
5.183022999999999788e-17
5.087927999999999448e-17
4.894136000000000164e-17
4.865315999999999727e-17
4.482132999999999506e-17
4.399820999999999570e-17
4.785704999999999758e-17
4.971885999999999923e-17
4.833957999999999558e-17
4.526417000000000218e-17
4.315121000000000013e-17
4.396314999999999090e-17
4.331399999999999617e-17
4.567012999999999936e-17
4.980274000000000283e-17
4.973493000000000257e-17
4.880928999999999676e-17
4.875539000000001279e-17
4.914842000000001446e-17
5.269133999999999838e-17
5.390368000000000128e-17
4.368649999999999630e-17
4.321160999999999713e-17
4.705439000000000004e-17
4.585815999999999327e-17
4.562939999999999234e-17
4.525589999999999968e-17
4.603061999999999859e-17
4.435439000000000054e-17
4.169342000000001214e-17
4.369870999999999818e-17
4.754212000000000476e-17
4.431943000000000238e-17
4.340234000000000413e-17
3.966669999999999555e-17
4.090479999999999515e-17
4.617012999999999516e-17
4.654994000000001040e-17
4.537177999999999817e-17
4.443866999999999991e-17
4.504060999999999564e-17
4.502744999999999840e-17
4.547614999999999818e-17
4.605244999999999410e-17
4.668207999999999651e-17
4.426720000000000123e-17
4.346890999999999344e-17
4.070164999999999943e-17
4.355866999999999842e-17
4.461620999999999657e-17
4.720976999999999897e-17
4.930816999999999699e-17
4.923661999999999832e-17
4.889669999999999959e-17
4.599696999999999877e-17
4.392667000000000140e-17
4.225008999999999857e-17
4.138092999999999910e-17
4.516592000000000965e-17
4.505705999999999835e-17
4.615284999999999397e-17
4.567851999999999874e-17
4.488681999999999393e-17
4.778696999999999926e-17
4.860285999999999993e-17
4.835023999999999919e-17
4.520473999999999694e-17
4.610776999999999975e-17
4.644614999999999225e-17
4.541949999999999779e-17
4.466592000000001385e-17
4.311500999999999720e-17
4.625411999999999744e-17
4.482048999999999839e-17
4.654704999999999454e-17
4.992608000000000174e-17
4.835444999999999310e-17
4.717024999999999597e-17
4.942648999999999992e-17
4.589002999999999308e-17
4.788553999999999580e-17
5.106162999999999413e-17
4.913484999999999243e-17
4.875087000000000073e-17
4.626503999999999738e-17
4.864979999999999207e-17
5.010073000000000104e-17
4.904284000000001044e-17
4.794685000000000153e-17
4.321084999999999838e-17
4.914522999999999715e-17
5.065604999999999016e-17
4.907784000000001372e-17
4.773994000000001100e-17
4.731883999999999711e-17
4.825218999999999531e-17
5.249395000000000100e-17
4.982829000000001268e-17
3.805668999999999436e-17
5.585813999999999912e-17
4.970475999999999250e-17
4.935344999999999834e-17
4.895511000000000358e-17
4.774645000000000373e-17
5.037914999999999743e-17
5.189639999999999758e-17
4.542623999999999842e-17
4.995309000000000141e-17
4.667342999999999463e-17
4.847329000000001334e-17
4.840609999999999390e-17
5.264390999999999585e-17
5.729193000000000018e-17
3.996291999999999813e-17
3.945404000000001105e-17
5.116894000000000099e-17
5.258692999999999941e-17
4.859651999999999508e-17
4.596003999999999784e-17
