-3.440599000000000115e-19
2.110122000000000088e-18
2.302854999999999908e-18
3.407497999999999600e-18
4.447393000000000260e-18
3.508625000000000079e-18
1.617978999999999832e-18
4.227113999999999739e-18
4.203967000000000058e-18
2.946569999999999799e-18
8.110599999999999044e-18
7.062926999999998749e-18
4.800760000000000176e-18
3.036526000000000000e-18
5.446939999999999614e-18
7.211438999999999457e-18
4.147021999999999626e-18
4.397952999999999851e-18
4.927230999999999755e-18
2.179618999999999911e-18
3.132037000000000015e-18
5.369085999999999320e-18
4.174400999999999425e-18
4.742008999999999340e-18
6.428383999999999736e-18
4.732752999999999795e-18
1.155468999999999856e-18
1.440174000000000030e-18
4.020923999999999760e-18
4.023193999999999363e-18
3.325608999999999697e-18
3.241342000000000143e-18
3.642518999999999654e-18
4.272419999999999951e-18
4.985163999999999337e-18
6.785421999999999392e-18
4.355801999999999373e-18
4.446143999999999875e-18
5.424320999999999473e-18
3.591684000000000032e-18
3.899163999999999878e-18
8.346948999999999049e-18
7.895693999999998595e-18
4.531197999999999638e-18
7.086913999999999729e-18
4.926987999999999748e-18
2.674721999999999764e-18
5.807577999999999775e-18
3.902219999999999409e-18
3.436880000000000697e-18
4.513836999999999473e-18
4.327452999999999340e-18
6.184508999999999946e-18
5.114968999999999857e-18
6.294700000000000101e-18
6.183196999999999502e-18
4.460339999999999795e-18
4.961238999999999675e-18
6.249406000000000194e-18
6.370742999999999351e-18
5.026926000000000210e-18
6.944450999999999565e-18
3.314025999999999872e-18
7.877865999999999925e-18
5.191775999999999760e-18
4.950727999999999593e-18
5.858301999999999660e-18
4.703475999999999824e-18
6.277793999999999677e-18
5.301132000000000028e-18
5.318065999999999879e-18
3.077167000000000014e-18
6.156017999999999902e-18
6.333909999999999602e-18
4.134366999999999288e-18
5.507675999999999751e-18
3.287490999999999804e-18
4.839104999999999798e-18
5.512330999999999824e-18
6.724393999999999288e-18
4.222472999999999765e-18
7.488289999999999156e-18
8.397920999999999581e-18
7.825470999999999211e-18
1.116608999999999818e-17
5.628355999999999944e-18
7.138655999999998756e-18
1.178351999999999999e-17
-4.897021999999999487e-17
-5.816325999999999722e-17
-1.487832000000000142e-17
8.094134999999999032e-18
8.648872999999999569e-18
8.119015999999999601e-18
6.580435999999999426e-18
3.194030000000000098e-18
5.394000999999999468e-18
3.036439999999999999e-18
5.039752999999999779e-18
4.840452999999999615e-18
5.420702999999999282e-18
6.653989000000000162e-18
6.104342999999999751e-18
5.162037999999999896e-18
5.332689999999999625e-18
4.516648999999999485e-18
5.929228999999999714e-18
4.255244999999999886e-18
4.253310999999999569e-18
5.804340999999999243e-18
5.345106999999999826e-18
7.527428999999998652e-18
5.982280000000001420e-18
6.457934999999999218e-18
4.952398999999999651e-18
6.743661999999999855e-18
8.290416000000000091e-18
6.247725000000000396e-18
7.908523999999999781e-18
4.479948000000000007e-18
5.246195999999999506e-18
5.843111000000000154e-18
5.386725000000000124e-18
3.601133999999999623e-18
7.791639999999999934e-18
6.281667999999999692e-18
4.853881999999999576e-18
7.516661999999999516e-18
6.712685999999999627e-18
7.867467999999999373e-18
6.107178000000000091e-18
5.669175999999999238e-18
6.259908000000000048e-18
4.751803999999999988e-18
6.958771000000000579e-18
5.908617999999999971e-18
3.526515999999999578e-18
7.158564999999999934e-18
6.747721999999999970e-18
4.987588999999999538e-18
5.862745999999999511e-18
5.811539999999999970e-18
8.007000000000000612e-18
8.436593000000000573e-18
8.157677999999999311e-18
9.055059999999999949e-18
6.030778000000000251e-18
6.893631999999999835e-18
9.163429999999999319e-18
3.931823999999999209e-18
6.333093999999999683e-18
7.895864999999999855e-18
6.422140000000000403e-18
8.928534999999999769e-18
1.028702999999999849e-17
1.075205999999999793e-17
8.128265000000000252e-18
7.624408999999999502e-18
9.255136999999999813e-18
6.177969999999999799e-18
8.719239999999999528e-18
7.261127999999999255e-18
9.031151999999998920e-18
8.480274999999999351e-18
5.356053000000000169e-18
-1.191190000000000053e-17
-9.975311000000000014e-19
-2.509739999999999713e-17
-1.018696999999999842e-16
-7.274131999999998697e-18
7.495426999999998566e-18
6.656234999999999927e-18
6.443197999999999171e-18
5.251312999999999754e-18
3.104406999999999878e-18
8.086296999999999798e-18
7.853090999999998452e-18
7.038156999999999457e-18
6.305075000000000325e-18
7.352270999999999294e-18
9.144419999999999911e-18
7.515783000000000308e-18
4.927499999999999395e-18
5.193767999999999495e-18
2.931693999999999817e-18
5.003385999999999794e-18
5.344871000000000254e-18
7.430737000000000492e-18
5.953129000000000026e-18
6.190335999999999476e-18
7.730302999999999688e-18
4.940373999999999902e-18
6.112974999999999630e-18
4.026736999999999961e-18
6.446367999999999285e-18
7.838723999999998812e-18
6.583458999999999660e-18
7.799768999999998853e-18
7.407588999999999758e-18
6.746768999999999911e-18
5.274094999999999668e-18
8.196673999999999284e-18
1.007994000000000031e-17
9.941621999999999592e-18
-9.290693999999998644e-17
9.492395999999999299e-19
-1.854404999999999709e-16
-1.009179000000000044e-16
1.998817999999999790e-18
5.648980999999999786e-18
6.574151999999999591e-18
5.205459999999997722e-18
5.935291999999998817e-18
3.865373999999999844e-18
5.061469000000000104e-18
6.081035999999999603e-18
6.366834999999999757e-18
6.428633999999999407e-18
7.559928999999999057e-18
7.159398999999999540e-18
5.950330999999999342e-18
6.545257999999999843e-18
5.923296000000000317e-18
5.803608000000000404e-18
4.842973999999999172e-18
6.755184000000000185e-18
6.703256999999999799e-18
8.629092000000000614e-18
7.033481999999999904e-18
6.176759999999998093e-18
7.184989999999997080e-18
4.740038999999999650e-18
6.630645999999999870e-18
4.185542999999999608e-18
6.262505999999998992e-18
6.134908999999999840e-18
7.407188999999999359e-18
5.945420999999999728e-18
7.164199999999999211e-18
6.995837999999999336e-18
7.092346999999999013e-18
7.485624999999999795e-18
7.877322000000000492e-18
6.185416999999999633e-18
6.153344999999999824e-18
7.502591000000000202e-18
8.861961999999999592e-18
8.985158999999998983e-18
8.112396999999999991e-18
7.491494000000000391e-18
4.519463999999999574e-18
5.311966999999999092e-18
4.182903999999999879e-18
5.820864000000000214e-18
6.017798999999999390e-18
7.304708000000000066e-18
4.739159999999999672e-18
5.590877999999999996e-18
4.221240999999999554e-18
7.303125999999998929e-18
5.106159999999999337e-18
4.662166999999999669e-18
6.100872000000000211e-18
6.218651999999999441e-18
6.407919999999997562e-18
8.218017999999999407e-18
5.710442000000000356e-18
7.909312999999999785e-18
8.187110999999999391e-18
6.273692999999999548e-18
7.874921999999999642e-18
5.499334999999999558e-18
7.847660000000001274e-18
8.998250000000000634e-18
9.249801999999998908e-18
8.041392999999999779e-18
7.375001999999998685e-18
7.091721999999999064e-18
8.524810999999998758e-18
7.783971999999999367e-18
6.490727000000000360e-18
6.841912999999998824e-18
7.060236999999999266e-18
5.590768000000000541e-18
4.875767999999999338e-18
6.824653999999999708e-18
7.964536999999999916e-18
7.594461999999999210e-18
6.164669999999999261e-18
5.745184000000000167e-18
6.849088999999999995e-18
4.845308999999999399e-18
5.423757000000000560e-18
7.995641000000000825e-18
8.270516999999998653e-18
6.792954999999998842e-18
6.505008999999999897e-18
7.471589999999999853e-18
6.450285999999999390e-18
8.039506999999999140e-18
5.307227999999999968e-18
6.717047999999999451e-18
4.900218999999999517e-18
5.376442999999999950e-18
5.009909000000000048e-18
6.608427000000000127e-18
7.257425999999999242e-18
6.492999999999999270e-18
5.912562999999999991e-18
8.383574999999998934e-18
7.501630999999998937e-18
6.752503999999999672e-18
8.063755999999998556e-18
7.525056999999999540e-18
8.542421000000000623e-18
7.826807999999999776e-18
6.750855999999999941e-18
7.732214999999999959e-18
6.201686999999999316e-18
6.859520999999999355e-18
6.596647999999999691e-18
5.691334999999999769e-18
6.836430999999999580e-18
6.847607999999999625e-18
5.943710999999999449e-18
6.336542999999999949e-18
7.996252999999999417e-18
7.764655000000000381e-18
9.145212999999999503e-18
9.284799000000000572e-18
8.833459000000000014e-18
6.083858000000000126e-18
6.628984000000000040e-18
4.214492999999999750e-18
4.984280999999999771e-18
7.323302999999998695e-18
6.625859000000000297e-18
4.343899999999999666e-18
3.370035999999999930e-18
5.800652999999999328e-18
5.755804000000000192e-18
5.682096999999999911e-18
4.787941999999999294e-18
6.036353000000000316e-18
6.799618000000000083e-18
4.399907999999999930e-18
3.817506999999999573e-18
7.338863999999999378e-18
7.009454999999999962e-18
8.191348000000000149e-18
6.562743999999999844e-18
9.035184999999999120e-18
6.017657000000000150e-18
7.370422999999998487e-18
7.137214999999999659e-18
5.681717999999999275e-18
9.161019999999998729e-18
7.009811999999999783e-18
5.751935999999998789e-18
8.765827000000000681e-18
6.405365999999999479e-18
6.143117999999998992e-18
7.860836999999999459e-18
4.456410999999999667e-18
6.734285999999999574e-18
5.247413999999999618e-18
4.374561999999999881e-18
4.874943999999999473e-18
5.571893999999999450e-18
8.731755000000000420e-18
8.372874999999999445e-18
9.447036999999999539e-18
8.734505999999999397e-18
7.896499000000000032e-18
1.051590999999999784e-17
1.028541000000000357e-17
1.039282999999999834e-17
1.034168999999999970e-17
8.470793999999999486e-18
8.218957999999999650e-18
8.496701999999999426e-18
7.756248000000000053e-18
9.318299999999999174e-18
1.081854000000000037e-17
1.095829999999999815e-17
1.062189000000000072e-17
9.331498999999998944e-18
9.756991999999999058e-18
9.247059000000000648e-18
1.085500999999999937e-17
1.017673999999999967e-17
1.159933999999999855e-17
1.039036999999999905e-17
1.211137999999999911e-17
1.047843000000000041e-17
1.140623999999999917e-17
9.550923000000000097e-18
1.050519999999999861e-17
8.836119999999999787e-18
9.363495000000000419e-18
1.053284000000000042e-17
1.201105999999999870e-17
1.044218000000000031e-17
1.050351000000000090e-17
7.290645999999999439e-18
1.093360999999999986e-17
9.671082999999999926e-18
9.709275999999999026e-18
1.000253999999999947e-17
1.044222999999999902e-17
8.475893999999999559e-18
7.037284999999999914e-18
6.161597000000000325e-18
7.488102999999999544e-18
7.109293999999999451e-18
8.381361999999999237e-18
8.908020999999999664e-18
7.230969999999998741e-18
9.642262999999999489e-18
9.897904999999999411e-18
9.071631999999998569e-18
1.117549999999999881e-17
1.045314000000000076e-17
1.070634000000000030e-17
1.126576999999999980e-17
1.055086999999999908e-17
1.068744999999999778e-17
1.002218999999999921e-17
1.007340999999999885e-17
1.179586999999999977e-17
1.239374999999999924e-17
1.144013999999999866e-17
1.287417999999999785e-17
1.031450999999999982e-17
1.193755999999999983e-17
1.010158999999999896e-17
1.213705999999999788e-17
7.837194999999999535e-18
8.522136999999999168e-18
1.015927000000000033e-17
9.981064999999998589e-18
9.978894999999999471e-18
1.197027999999999914e-17
1.305535000000000041e-17
1.328785999999999949e-17
1.261890999999999967e-17
1.096633999999999892e-17
1.260921000000000041e-17
1.222435999999999895e-17
1.075355999999999904e-17
1.152838999999999817e-17
1.195704999999999910e-17
1.174157999999999819e-17
1.015828999999999959e-17
1.225880999999999956e-17
1.163850999999999986e-17
1.059169000000000068e-17
1.151188000000000010e-17
1.074391999999999976e-17
1.098419000000000071e-17
1.113486999999999998e-17
9.846242999999998306e-18
6.972418000000000427e-18
8.357097999999999441e-18
1.133173999999999853e-17
1.147522999999999806e-17
1.009110999999999992e-17
1.033561999999999863e-17
1.327855999999999908e-17
1.237634999999999963e-17
1.109072999999999984e-17
1.028341999999999978e-17
9.134550999999999952e-18
8.819928999999998515e-18
1.258133999999999995e-17
1.100196999999999817e-17
1.042735999999999996e-17
9.739850999999999343e-18
9.148696999999999630e-18
8.268364999999999991e-18
1.108196999999999774e-17
1.172721999999999976e-17
1.577282999999999745e-17
1.315065000000000020e-17
1.166405999999999893e-17
1.021442999999999935e-17
1.194947999999999999e-17
1.371198999999999478e-17
1.316273999999999749e-17
1.353810999999999860e-17
1.377617000000000302e-17
1.126458999999999500e-17
1.075994999999999797e-17
1.293073000000000084e-17
1.324837999999999853e-17
9.662954999999998978e-18
1.018669999999999834e-17
9.005780999999998749e-18
1.064811999999999908e-17
9.880508999999999384e-18
1.344022000000000289e-17
1.310417999999999894e-17
1.356237999999999547e-17
1.390478999999999887e-17
1.403717000000000032e-17
1.406522999999999892e-17
1.258114999999999873e-17
1.147663000000000023e-17
1.261166000000000304e-17
1.312055000000000065e-17
1.368694999999999788e-17
1.237010999999999834e-17
1.389882999999999648e-17
1.183282999999999838e-17
1.201164999999999879e-17
1.134815999999999894e-17
1.201894999999999874e-17
1.169192999999999938e-17
1.165556999999999906e-17
1.294500999999999981e-17
1.290816999999999962e-17
1.209713999999999910e-17
1.195210999999999949e-17
1.212438000000000050e-17
9.491586999999998273e-18
1.170133000000000027e-17
1.121739000000000037e-17
1.130038999999999908e-17
1.082270999999999840e-17
9.772195999999999921e-18
1.014893999999999894e-17
1.217204999999999834e-17
1.391512999999999846e-17
1.427577999999999970e-17
1.099618999999999880e-17
1.336103999999999897e-17
1.222793999999999997e-17
1.149490999999999856e-17
1.365676000000000374e-17
1.474160999999999994e-17
1.338342999999999535e-17
1.547202000000000159e-17
1.424109999999999735e-17
1.310696999999999891e-17
1.018508000000000035e-17
1.255237000000000033e-17
1.279971999999999925e-17
1.305736000000000060e-17
1.418897999999999797e-17
1.125932999999999908e-17
1.187590999999999831e-17
1.324426999999999894e-17
1.496645999999999917e-17
1.558740000000000074e-17
1.358583999999999488e-17
1.547405999999999792e-17
1.369297999999999691e-17
1.241480999999999935e-17
1.052156999999999878e-17
1.191282999999999796e-17
1.220533999999999980e-17
1.283428000000000009e-17
1.185784000000000068e-17
1.195695999999999835e-17
7.877116999999998882e-18
1.135462999999999888e-17
1.204898999999999832e-17
1.443409999999999933e-17
1.220541999999999926e-17
1.223238000000000023e-17
1.239181000000000032e-17
1.322088999999999899e-17
1.129758999999999937e-17
1.175728000000000035e-17
1.216752999999999861e-17
1.340385999999999949e-17
1.354455999999999906e-17
1.320519999999999965e-17
1.368679000000000049e-17
1.269336999999999981e-17
1.330325000000000045e-17
1.222470999999999910e-17
1.251416999999999849e-17
1.116820999999999860e-17
1.278824999999999973e-17
1.270383999999999911e-17
1.352020999999999810e-17
1.390432000000000029e-17
1.415306999999999829e-17
1.310420999999999970e-17
1.349594999999999944e-17
1.430626000000000017e-17
1.289446999999999792e-17
1.413469999999999921e-17
1.541627000000000248e-17
1.257416999999999817e-17
1.277013999999999852e-17
1.265239999999999902e-17
1.478794000000000022e-17
1.382246999999999945e-17
1.494541999999999701e-17
1.228819999999999906e-17
1.266624000000000017e-17
1.324962999999999842e-17
1.337962000000000184e-17
1.309988999999999940e-17
1.232979999999999890e-17
1.302102999999999950e-17
1.379095999999999953e-17
1.130020999999999913e-17
1.159619999999999843e-17
1.303906999999999790e-17
1.289601000000000107e-17
1.190622000000000011e-17
1.365303000000000045e-17
1.480212999999999998e-17
1.466679999999999964e-17
1.350433999999999882e-17
1.528588000000000020e-17
1.670139999999999958e-17
1.350694999999999884e-17
1.224340999999999886e-17
1.202492999999999908e-17
1.499247000000000016e-17
1.490249000000000089e-17
1.332573999999999578e-17
1.503710999999999964e-17
1.496998999999999841e-17
1.560400000000000109e-17
1.276186999999999756e-17
1.501916000000000198e-17
1.427193999999999772e-17
1.359864999999999967e-17
1.458028999999999809e-17
1.566132000000000103e-17
1.517310999999999953e-17
1.558347999999999776e-17
1.523816999999999878e-17
1.669595000000000090e-17
1.507253999999999946e-17
1.695252999999999742e-17
1.571535999999999986e-17
1.426679999999999869e-17
1.485679000000000120e-17
1.531000999999999762e-17
1.605265999999999883e-17
1.419097999999999842e-17
1.615590999999999710e-17
1.457411999999999961e-17
1.602273999999999922e-17
1.393429999999999834e-17
1.273672999999999863e-17
1.411208999999999622e-17
1.279717000000000075e-17
1.551012999999999961e-17
1.462034000000000120e-17
1.507222999999999980e-17
1.528122999999999615e-17
1.409526999999999849e-17
1.511242999999999748e-17
1.953931999999999842e-17
1.422806999999999828e-17
1.230559999999999868e-17
7.624410000000000555e-18
1.609508999999999869e-17
1.345257999999999471e-17
1.471742999999999919e-17
1.486278999999999947e-17
1.389761000000000042e-17
1.161630000000000035e-17
1.182281999999999792e-17
1.165333000000000022e-17
1.378102999999999546e-17
1.367228999999999953e-17
1.418789000000000008e-17
1.342683999999999904e-17
1.404249000000000084e-17
1.514112999999999487e-17
1.297305000000000047e-17
1.334186999999999756e-17
1.400385999999999784e-17
1.167356999999999851e-17
1.154791000000000283e-17
1.351297999999999633e-17
1.570875999999999868e-17
1.567496000000000122e-17
1.511817999999999762e-17
1.416797999999999785e-17
1.574417999999999722e-17
1.562505000000000146e-17
1.510295000000000021e-17
1.365631999999999976e-17
1.376542999999999840e-17
1.380747999999999580e-17
1.267253999999999836e-17
1.262356999999999884e-17
1.357413999999999979e-17
1.511517000000000028e-17
1.512608999999999714e-17
1.446262000000000448e-17
1.277083000000000063e-17
1.470515000000000067e-17
1.529183999999999951e-17
1.457160000000000033e-17
1.490988999999999979e-17
1.332635999999999971e-17
1.479372000000000112e-17
1.506270999999999741e-17
1.569651999999999912e-17
1.484397999999999950e-17
1.348801999999999889e-17
1.445499999999999897e-17
1.323109999999999888e-17
1.562285000000000004e-17
1.646082999999999871e-17
1.518705999999999937e-17
1.555556999999999988e-17
1.621814000000000051e-17
1.400121000000000040e-17
1.526000999999999866e-17
1.507144999999999849e-17
1.663357999999999805e-17
1.578747999999999451e-17
1.754967999999999581e-17
1.478085000000000097e-17
1.607193999999999739e-17
1.467816999999999868e-17
1.299181999999999995e-17
1.522430999999999815e-17
1.568663999999999991e-17
1.465930999999999846e-17
1.592935999999999888e-17
1.591918999999999949e-17
1.599737000000000010e-17
1.440613999999999813e-17
1.756323999999999499e-17
1.286977999999999963e-17
1.568916000000000227e-17
1.571450999999999882e-17
1.528551000000000211e-17
1.555696999999999742e-17
1.547863999999999917e-17
1.676556999999999884e-17
1.591566000000000025e-17
1.546446999999999888e-17
1.512510999999999794e-17
1.574296999999999936e-17
1.579629999999999968e-17
1.635143999999999964e-17
1.592837000000000147e-17
1.534530999999999928e-17
1.431787999999999734e-17
1.488532000000000146e-17
1.662046999999999797e-17
1.605190000000000008e-17
1.669056999999999885e-17
1.643068999999999866e-17
1.686541999999999912e-17
1.521907000000000171e-17
1.568070999999999828e-17
1.731244999999999758e-17
1.566368999999999958e-17
1.585560999999999879e-17
1.442849999999999683e-17
1.475227000000000047e-17
1.670934999999999807e-17
1.633592999999999409e-17
1.583320999999999804e-17
1.703318000000000014e-17
1.607786000000000082e-17
1.632674000000000007e-17
1.677823999999999493e-17
1.786617999999999871e-17
1.612005000000000075e-17
1.696578000000000002e-17
1.706763999999999896e-17
1.705459999999999860e-17
1.626461000000000023e-17
1.649517000000000064e-17
1.775848999999999863e-17
1.500835000000000072e-17
1.704122999999999603e-17
1.480854999999999968e-17
1.679385999999999917e-17
1.746819999999999769e-17
1.564339999999999797e-17
1.803440999999999832e-17
1.843763999999999706e-17
1.857963999999999831e-17
1.723777999999999673e-17
1.719861999999999978e-17
1.707117000000000436e-17
1.887224999999999755e-17
1.834437999999999976e-17
1.792329999999999768e-17
1.867484999999999889e-17
1.882030999999999966e-17
1.713274999999999845e-17
1.783738999999999904e-17
1.962067999999999966e-17
1.919436999999999935e-17
1.916494999999999908e-17
1.831110999999999932e-17
1.692142999999999764e-17
1.821674999999999977e-17
1.869722999999999708e-17
2.054309000000000152e-17
1.873334000000000081e-17
1.649548999999999850e-17
1.707812999999999927e-17
1.586866000000000042e-17
1.638219000000000080e-17
1.731788999999999807e-17
1.826082999999999838e-17
1.757236999999999981e-17
1.805760999999999986e-17
1.889825999999999854e-17
1.842322999999999992e-17
1.736275000000000108e-17
1.752022999999999787e-17
1.754246999999999969e-17
1.833525999999999930e-17
1.814775000000000114e-17
1.662418999999999998e-17
1.450082000000000170e-17
1.463479000000000038e-17
1.682774999999999892e-17
1.644476999999999974e-17
1.605691999999999914e-17
1.640722000000000259e-17
1.727168999999999904e-17
1.837248000000000040e-17
1.705013999999999731e-17
1.911046999999999935e-17
1.898786999999999971e-17
1.908229999999999899e-17
1.918633999999999986e-17
1.833502999999999757e-17
1.896251999999999700e-17
1.935993999999999715e-17
2.050231000000000042e-17
1.940420999999999853e-17
1.981767999999999946e-17
1.861288999999999926e-17
1.971797999999999991e-17
1.780299999999999995e-17
1.908259999999999736e-17
1.796099999999999864e-17
1.866769999999999813e-17
1.803340999999999655e-17
1.786579999999999934e-17
1.762166000000000335e-17
1.744902999999999782e-17
1.749310999999999951e-17
1.884355000000000016e-17
1.902655999999999808e-17
1.996605000000000016e-17
1.871441999999999906e-17
1.906988000000000102e-17
1.860085999999999887e-17
1.941928999999999830e-17
1.937014999999999858e-17
1.851598999999999788e-17
1.952781999999999814e-17
1.993368999999999920e-17
2.139426999999999948e-17
1.957079999999999758e-17
1.951739999999999754e-17
2.051340999999999876e-17
1.906747999999999863e-17
2.026351000000000135e-17
1.965452999999999737e-17
1.874778999999999999e-17
2.133711999999999975e-17
2.111856000000000205e-17
1.997719999999999875e-17
2.037628999999999714e-17
1.859522999999999870e-17
1.869784000000000127e-17
1.935352000000000054e-17
1.878934999999999933e-17
1.895755000000000125e-17
1.671648999999999755e-17
1.742916000000000379e-17
1.768738999999999907e-17
1.748564999999999909e-17
1.627133999999999958e-17
1.717482000000000149e-17
1.752958000000000006e-17
1.825262999999999869e-17
1.840544999999999939e-17
1.777694999999999692e-17
1.751549999999999897e-17
1.719282000000000248e-17
1.611791999999999905e-17
1.791694999999999771e-17
1.796528999999999972e-17
1.699325000000000008e-17
1.697898999999999750e-17
1.818363999999999826e-17
1.997601000000000037e-17
1.104740000000000024e-17
1.039413999999999976e-17
1.885405999999999996e-17
1.703375999999999741e-17
1.549913999999999994e-17
1.596182999999999852e-17
1.514632999999999542e-17
1.629006999999999855e-17
1.411395000000000031e-17
1.159418999999999978e-17
7.255000999999999811e-18
6.526164999999999355e-18
8.256454999999999567e-18
1.023669999999999885e-17
1.033569999999999809e-17
7.355730999999998812e-18
1.001711999999999990e-17
1.212585999999999905e-17
1.339892999999999654e-17
1.452551000000000307e-17
1.695867999999999950e-17
1.740727000000000059e-17
1.831768999999999794e-17
1.715465999999999805e-17
1.779209999999999949e-17
1.889140999999999923e-17
1.773954999999999741e-17
1.875825999999999774e-17
1.733470000000000068e-17
1.825108999999999862e-17
1.707569999999999920e-17
1.848802999999999976e-17
1.964363999999999819e-17
1.793206999999999952e-17
1.630662999999999687e-17
1.839435999999999924e-17
1.932603999999999920e-17
1.778983999999999963e-17
1.759212999999999823e-17
1.780488999999999863e-17
1.918183999999999962e-17
1.861968000000000014e-17
1.789045999999999994e-17
1.875566999999999875e-17
1.855128999999999953e-17
1.821695999999999894e-17
1.848707000000000004e-17
1.790472000000000252e-17
1.751012000000000309e-17
1.911635999999999894e-17
1.901570999999999787e-17
1.702890999999999855e-17
1.661769999999999748e-17
1.651812999999999917e-17
1.983576999999999965e-17
2.005531999999999784e-17
1.827555999999999953e-17
1.868901999999999918e-17
1.961831999999999931e-17
1.869332000000000154e-17
1.860559999999999905e-17
1.946772999999999771e-17
1.882499999999999959e-17
1.995073000000000046e-17
1.708567999999999890e-17
1.758019999999999833e-17
1.857328000000000014e-17
1.887963999999999825e-17
1.987701999999999933e-17
1.988830999999999737e-17
2.063677000000000024e-17
1.942913999999999983e-17
1.838804000000000003e-17
1.901050999999999731e-17
2.018879999999999845e-17
2.188494999999999694e-17
1.750632000000000008e-17
1.815516999999999952e-17
1.919683999999999838e-17
1.958535999999999853e-17
1.796194999999999709e-17
1.793142999999999765e-17
1.888938000000000110e-17
2.004877999999999818e-17
2.021252999999999702e-17
2.051021999999999686e-17
1.928709999999999962e-17
1.952736000000000084e-17
1.961837999999999776e-17
1.886517999999999779e-17
1.837501999999999916e-17
2.021008999999999875e-17
1.967938000000000074e-17
2.095461999999999736e-17
2.111017999999999778e-17
2.042627999999999790e-17
2.035410999999999993e-17
2.026165999999999854e-17
1.937935999999999824e-17
1.844077999999999872e-17
2.226039999999999905e-17
2.076074999999999794e-17
2.092660999999999900e-17
2.032556000000000018e-17
2.053460999999999677e-17
1.939951999999999860e-17
2.069314999999999993e-17
2.138666999999999653e-17
2.100499999999999878e-17
1.964835999999999889e-17
1.873892000000000074e-17
1.899630999999999934e-17
1.928778999999999865e-17
1.960048000000000034e-17
2.024002999999999783e-17
1.973702999999999982e-17
2.052443000000000227e-17
2.122398999999999918e-17
2.013827999999999759e-17
1.837308000000000023e-17
2.167052999999999650e-17
2.074643999999999513e-17
2.213789999999999989e-17
2.285950999999999894e-17
2.199066000000000529e-17
2.341426999999999952e-17
2.202849000000000134e-17
2.241318000000000079e-17
2.168889000000000046e-17
2.047489000000000060e-17
2.152497000000000758e-17
1.948734999999999669e-17
2.160133999999999818e-17
2.201813999999999738e-17
2.362028999999999929e-17
2.295744999999999797e-17
2.362114999999999545e-17
2.286299999999999922e-17
2.141937999999999919e-17
2.334299999999999974e-17
2.188027999999999648e-17
2.241698999999999892e-17
2.289432999999999765e-17
2.315416000000000068e-17
2.130997999999999883e-17
2.359541000000000131e-17
2.183362999999999835e-17
2.229106999999999921e-17
2.177512000000000004e-17
2.224889000000000056e-17
2.196208999999999682e-17
2.081702000000000203e-17
2.049467999999999671e-17
2.293978999999999740e-17
2.375385000000000091e-17
2.184215999999999718e-17
2.251840999999999695e-17
2.395465000000000064e-17
2.320300000000000203e-17
2.285155999999999737e-17
2.382147999999999968e-17
2.238539999999999800e-17
2.204864000000000042e-17
2.289003999999999657e-17
1.997348999999999802e-17
2.124392000000000706e-17
2.218409999999999584e-17
2.323318999999999925e-17
2.309032999999999876e-17
2.206332999999999953e-17
2.216858999999999953e-17
2.263469000000000047e-17
2.406238999999999789e-17
2.426314999999999866e-17
2.250593999999999874e-17
2.402075999999999882e-17
2.453462999999999962e-17
2.360981000000000025e-17
2.356595999999999721e-17
2.251322000000000076e-17
2.011256999999999805e-17
1.851709000000000013e-17
2.104364999999999818e-17
2.351848999999999880e-17
2.343477000000000646e-17
2.320629999999999954e-17
2.380097999999999890e-17
2.270590999999999692e-17
2.222715999999999629e-17
2.416003000000000163e-17
2.364512999999999830e-17
2.248595999999999987e-17
2.442809000000000203e-17
2.379645999999999918e-17
2.273974000000000131e-17
2.026799999999999723e-17
1.782903999999999862e-17
1.745056999999999789e-17
2.193579000000000182e-17
2.400611999999999996e-17
2.258781999999999881e-17
2.211907000000000043e-17
2.337957999999999897e-17
2.509647999999999944e-17
2.477171000000000637e-17
2.309561000000000032e-17
2.195210999999999712e-17
2.276773000000000018e-17
2.064306999999999689e-17
2.016328999999999989e-17
2.075355000000000001e-17
2.174311999999999898e-17
2.460054999999999811e-17
2.268997999999999919e-17
2.395798999999999712e-17
2.395585999999999542e-17
2.333812999999999832e-17
2.356445000000000098e-17
2.198822000000000086e-17
2.076525999999999639e-17
2.251494999999999744e-17
2.373758999999999789e-17
2.312434000000000156e-17
2.194228999999999636e-17
2.330479999999999944e-17
2.094293000000000046e-17
1.945924999999999913e-17
1.736734999999999873e-17
1.542404999999999767e-17
1.531884999999999919e-17
1.675139999999999855e-17
2.003180999999999972e-17
2.038309999999999749e-17
1.868747999999999911e-17
1.641712000000000128e-17
1.802728999999999831e-17
1.978627999999999823e-17
2.019455999999999680e-17
2.081797000000000048e-17
1.976617999999999939e-17
2.138501999999999778e-17
2.016481999999999868e-17
2.321026999999999968e-17
2.121436000000000118e-17
2.196316999999999959e-17
2.255466999999999833e-17
2.202213000000000008e-17
2.028585000000000057e-17
1.895160999999999834e-17
1.916732999999999891e-17
2.009444999999999710e-17
1.975988999999999786e-17
1.734797999999999788e-17
1.839961000000000004e-17
2.019572999999999877e-17
2.276469999999999720e-17
2.004979999999999942e-17
2.057760000000000058e-17
2.024173999999999811e-17
1.819668999999999989e-17
2.135559999999999751e-17
2.062631999999999888e-17
2.138256999999999823e-17
2.021955999999999782e-17
2.097557999999999852e-17
2.010330999999999815e-17
2.117454999999999800e-17
2.209221999999999969e-17
2.109461999999999815e-17
1.858096999999999921e-17
1.788243999999999866e-17
1.857235999999999937e-17
1.899878999999999657e-17
1.865707000000000144e-17
2.053265999999999964e-17
1.936497000000000058e-17
1.863952999999999776e-17
2.000923999999999877e-17
1.961893000000000042e-17
1.814258999999999954e-17
1.914792999999999731e-17
2.044077999999999732e-17
1.918596000000000048e-17
1.740556999999999851e-17
1.789992000000000390e-17
1.941837999999999882e-17
1.747683999999999829e-17
2.135811999999999679e-17
2.032022999999999838e-17
1.782023999999999909e-17
1.766804999999999898e-17
1.864780999999999846e-17
1.792119999999999675e-17
1.732419999999999908e-17
1.970103000000000093e-17
2.011538999999999878e-17
1.949426999999999881e-17
1.967119999999999745e-17
1.976669999999999821e-17
2.029516000000000071e-17
2.026786999999999907e-17
1.843983999999999848e-17
1.967183999999999932e-17
2.021066999999999909e-17
1.867508999999999883e-17
1.759926000000000260e-17
1.902521999999999898e-17
1.971611000000000070e-17
1.944117999999999842e-17
2.164574000000000081e-17
2.204931999999999817e-17
2.186760000000000219e-17
2.224302999999999865e-17
2.122742000000000102e-17
2.086615999999999868e-17
2.039646999999999698e-17
2.200510999999999831e-17
2.246394999999999979e-17
2.063260000000000221e-17
2.017015000000000048e-17
2.044865999999999917e-17
2.160628999999999753e-17
2.040714999999999699e-17
2.182832000000000527e-17
2.030158999999999861e-17
2.078916999999999952e-17
1.945554999999999968e-17
2.112753000000000178e-17
2.127589999999999939e-17
2.232146000000000048e-17
2.335338999999999958e-17
2.376171999999999839e-17
2.418021000000000147e-17
2.307022999999999992e-17
2.284534999999999685e-17
2.272311000000000019e-17
2.161860999999999809e-17
2.288251999999999771e-17
2.137422999999999601e-17
1.825667999999999675e-17
1.498318999999999769e-17
2.213613999999999937e-17
2.236887999999999864e-17
2.274563000000000090e-17
2.287737999999999559e-17
2.263074999999999801e-17
2.421956000000000119e-17
2.272530999999999853e-17
1.978805000000000003e-17
2.055704000000000136e-17
2.322076000000000000e-17
2.291452999999999697e-17
2.243122999999999893e-17
2.396123999999999746e-17
2.333459999999999908e-17
2.319969999999999527e-17
2.413013999999999970e-17
2.273211999999999888e-17
2.444152999999999508e-17
2.437001999999999846e-17
2.355126999999999810e-17
2.506169999999999970e-17
2.506471000000000011e-17
2.319557999999999749e-17
2.635802999999999871e-17
2.553448999999999793e-17
2.460304999999999790e-17
2.392603999999999630e-17
2.464141000000000022e-17
2.428159000000000054e-17
2.556365999999999699e-17
2.472889999999999789e-17
2.523652999999999740e-17
2.403316000000000655e-17
2.389764999999999856e-17
2.405690000000000024e-17
2.614175999999999855e-17
2.575561999999999823e-17
2.666521000000000019e-17
2.518155000000000141e-17
2.619151999999999759e-17
2.569751000000000186e-17
2.425796999999999758e-17
2.506532999999999634e-17
2.259606000000000054e-17
2.579139999999999667e-17
2.409304999999999677e-17
2.371180999999999863e-17
2.294257999999999737e-17
2.154332000000000717e-17
2.030882999999999858e-17
2.412289999999999973e-17
2.505332999999999979e-17
2.546171000000000501e-17
2.527657999999999743e-17
2.704457000000000708e-17
2.571483999999999713e-17
2.453306999999999699e-17
2.577079999999999849e-17
2.536174999999999988e-17
2.626097999999999660e-17
2.559378999999999884e-17
2.480109999999999971e-17
2.323227999999999977e-17
2.230039999999999884e-17
2.456358000000000130e-17
2.532370999999999850e-17
2.495485999999999757e-17
2.573114999999999732e-17
2.516874999999999791e-17
2.526796000000000556e-17
2.393960999999999676e-17
2.565688999999999660e-17
2.294941000000000645e-17
2.489483000000000175e-17
2.550280999999999781e-17
2.721037000000000661e-17
2.501414000000000208e-17
2.407774999999999963e-17
2.293522999999999872e-17
2.641722000000000094e-17
2.703106000000000198e-17
2.947292999999999745e-17
2.748229000000000540e-17
2.713554000000000067e-17
2.611524999999999822e-17
2.786614999999999404e-17
2.784201999999999971e-17
2.566091999999999827e-17
2.714779999999999971e-17
2.801610999999999506e-17
2.879052000000000047e-17
2.803299000000000047e-17
2.892402000000000057e-17
2.829360999999999685e-17
2.701530000000000138e-17
2.629012000000000105e-17
2.726235000000000039e-17
2.739374999999999955e-17
2.753753000000000080e-17
2.858651999999999755e-17
2.891406000000000036e-17
2.768339999999999862e-17
2.616268999999999587e-17
2.678220999999999425e-17
2.702162000000000675e-17
2.850806999999999625e-17
2.874989000000000010e-17
2.761265999999999895e-17
2.636940999999999595e-17
2.349224000000000096e-17
2.691434999999999885e-17
2.989464000000000011e-17
3.035556999999999817e-17
2.839129000000000572e-17
2.973142000000000754e-17
2.916952999999999951e-17
2.673584999999999937e-17
2.310374999999999849e-17
2.300233000000000046e-17
2.668569000000000148e-17
2.861916999999999869e-17
2.978958000000000107e-17
2.803617000000000110e-17
2.940928000000000010e-17
3.103854000000000525e-17
2.852159999999999467e-17
2.927854000000000845e-17
2.635738999999999993e-17
2.428820999999999812e-17
2.680610000000000098e-17
2.809414999999999622e-17
2.964137999999999750e-17
2.878149000000000538e-17
3.005768999999999864e-17
2.751984000000000563e-17
2.840638000000000061e-17
2.899937999999999737e-17
2.795881999999999896e-17
2.931412999999999795e-17
2.971802999999999624e-17
2.887742000000000269e-17
2.915729000000000303e-17
2.958182999999999538e-17
2.768235999999999789e-17
2.743201999999999958e-17
2.853577999999999932e-17
2.895339999999999879e-17
2.875699999999999574e-17
2.799562999999999684e-17
2.973512999999999903e-17
2.791678999999999796e-17
2.780945999999999470e-17
2.770622999999999898e-17
2.430088000000000038e-17
2.401161000000000069e-17
2.496602000000000669e-17
2.598427999999999868e-17
2.382152999999999684e-17
2.800237999999999567e-17
2.995315999999999662e-17
3.067195999999999930e-17
2.935479999999999729e-17
3.023034999999999877e-17
2.898802000000000270e-17
2.901594999999999697e-17
3.007705999999999949e-17
3.055396000000000039e-17
3.026234999999999983e-17
2.909709000000000700e-17
2.874037000000000695e-17
2.849684999999999486e-17
2.888651999999999750e-17
2.699575999999999725e-17
2.877248000000000053e-17
3.018268999999999451e-17
3.086624000000000810e-17
3.031085000000000077e-17
2.986280999999999926e-17
2.979386999999999907e-17
2.975973999999999939e-17
3.214190999999999817e-17
3.145584000000000687e-17
2.967820999999999794e-17
2.861248000000000138e-17
3.081765999999999692e-17
3.060038999999999807e-17
3.165571999999999968e-17
3.134859999999999973e-17
3.117304999999999607e-17
3.214878000000000004e-17
3.206222999999999645e-17
3.159729000000000545e-17
3.181671999999999751e-17
3.044668000000000045e-17
2.976120999999999974e-17
2.223874999999999886e-17
-1.991121999999999873e-17
-3.726364999999999816e-18
2.111908999999999907e-17
3.019679000000000124e-17
3.159754000000000359e-17
3.119702000000000073e-17
2.835258999999999683e-17
2.951395999999999976e-17
3.429941999999999741e-17
4.485420999999997944e-17
1.062715999999999946e-16
-3.577496000000000057e-17
-3.145449999999999668e-16
-3.897316000000000317e-16
8.280045000000000225e-17
5.688125999999999434e-17
4.471937999999999693e-17
4.113429000000000024e-17
3.477952000000000150e-17
3.293879000000000714e-17
2.936240999999999536e-17
2.933077999999999547e-17
3.083253000000000060e-17
2.977712999999999926e-17
3.159764999999999611e-17
3.106254999999999654e-17
3.144304000000000029e-17
1.726560999999999976e-17
-9.733991999999999719e-17
-1.075474999999999988e-16
-2.268436000000000030e-17
2.394173999999999845e-17
2.966755999999999870e-17
3.262237999999999728e-17
3.199467999999999868e-17
3.048499999999999764e-17
2.860251000000000297e-17
2.871872000000000368e-17
2.957979000000000521e-17
3.035377999999999997e-17
3.144684000000000022e-17
2.958979000000000439e-17
3.033276999999999857e-17
3.178507999999999943e-17
3.171965000000000208e-17
3.128947999999999415e-17
2.991237999999999860e-17
3.045358000000000309e-17
3.060777000000000057e-17
2.947279000000000416e-17
3.164135999999999662e-17
3.236264999999999473e-17
3.066829999999999881e-17
2.897105999999999936e-17
3.107556999999999434e-17
3.114332999999999743e-17
3.226207000000000878e-17
3.091682999999999637e-17
3.131529999999999853e-17
3.140730999999999901e-17
3.077858000000000097e-17
3.103398000000000040e-17
2.841356000000000214e-17
2.983215999999999550e-17
2.981664999999999611e-17
2.960304999999999595e-17
2.989274000000000939e-17
3.031997000000000430e-17
2.972909000000000179e-17
3.016014999999999740e-17
2.931459999999999961e-17
3.032144999999999669e-17
3.054901999999999616e-17
3.035189999999999948e-17
3.079570000000000015e-17
2.980693000000000199e-17
2.959348999999999767e-17
3.034399999999999816e-17
3.149045000000000025e-17
3.152937999999999855e-17
3.103468999999999583e-17
3.035149000000000550e-17
2.917251999999999736e-17
2.861630999999999591e-17
2.992045000000000013e-17
2.935925999999999549e-17
3.139806999999999859e-17
2.924492999999999527e-17
2.989539000000000067e-17
2.912626999999999809e-17
2.985941999999999946e-17
2.977079000000000057e-17
2.877549999999999915e-17
2.823985000000000000e-17
2.969823999999999706e-17
2.949664999999999781e-17
2.838475999999999810e-17
3.220437999999999842e-17
3.094463000000000172e-17
3.246216999999999896e-17
3.069571999999999863e-17
3.026117999999999477e-17
3.044138999999999761e-17
2.872203999999999758e-17
2.542952999999999938e-17
2.186139999999999678e-17
2.726954999999999831e-17
2.922021000000000238e-17
2.915258999999999873e-17
2.951502999999999817e-17
2.892895000000000044e-17
2.914696999999999984e-17
2.982572000000000249e-17
2.934677000000000089e-17
2.930327999999999774e-17
2.946001000000000014e-17
2.925427000000000234e-17
2.978679999999999622e-17
2.791597999999999588e-17
2.859266000000000144e-17
2.794082000000000414e-17
2.979336999999999664e-17
3.080634000000000120e-17
3.020830999999999792e-17
3.028668000000000130e-17
2.907609000000000380e-17
2.893915999999999878e-17
2.658075999999999753e-17
2.438546999999999940e-17
2.730092999999999699e-17
2.846532000000000162e-17
2.925041000000000088e-17
3.048635000000000110e-17
3.107507999999999627e-17
1.260202999999999888e-17
-2.688114999999999505e-17
-1.389273999999999900e-17
2.325672999999999504e-17
2.740800999999999904e-17
2.940716999999999788e-17
2.900625999999999745e-17
2.842942999999999834e-17
2.887053999999999645e-17
2.850178999999999908e-17
2.946112999999999571e-17
2.511273000000000119e-17
-7.298687999999999231e-18
-2.635700999999999747e-17
1.685887999999999946e-17
2.873250000000000022e-17
2.839902000000000067e-17
3.020392999999999764e-17
2.820072999999999893e-17
2.923561999999999512e-17
2.873439999999999711e-17
2.859697999999999403e-17
2.751769999999999957e-17
2.793126999999999790e-17
2.902439000000000584e-17
2.834729000000000811e-17
2.759780999999999783e-17
2.762444000000000121e-17
2.698022999999999838e-17
2.848686999999999824e-17
2.804359000000000872e-17
2.807597000000000299e-17
2.968210000000000016e-17
2.907063000000000075e-17
3.029382999999999591e-17
3.040892999999999925e-17
2.864245999999999635e-17
2.848415999999999928e-17
3.032579999999999621e-17
2.946590999999999793e-17
2.849580999999999721e-17
2.942951999999999838e-17
2.963321999999999985e-17
2.960183999999999810e-17
2.900368999999999793e-17
2.907806999999999861e-17
2.997492999999999678e-17
3.061421999999999794e-17
3.172064000000000873e-17
3.084626999999999818e-17
2.904585000000000018e-17
2.963352000000000747e-17
2.969408000000000031e-17
2.963328999999999957e-17
2.823362999999999819e-17
2.721267999999999748e-17
2.722584999999999908e-17
2.739260000000000014e-17
2.865079999999999857e-17
2.869995999999999778e-17
2.910719000000000050e-17
2.901155999999999849e-17
2.884013999999999698e-17
2.884772000000000045e-17
2.867612999999999873e-17
2.826988999999999649e-17
2.822365999999999978e-17
2.953405999999999860e-17
3.168718999999999756e-17
3.052627999999999809e-17
2.988382000000000066e-17
2.892183999999999863e-17
2.928426999999999987e-17
2.958725999999999767e-17
2.874315999999999767e-17
2.857489999999999422e-17
2.957571999999999842e-17
2.822095999999999285e-17
2.906979000000000407e-17
3.015946999999999657e-17
2.838294999999999733e-17
2.836797000000000113e-17
3.036996000000000199e-17
2.884887999999999498e-17
2.884156999999999837e-17
3.027706000000000150e-17
3.047037999999999825e-17
2.919308999999999786e-17
2.971160999999999963e-17
2.948940999999999476e-17
2.965140999999999744e-17
3.022466999999999835e-17
2.837635000000000232e-17
2.955535999999999709e-17
3.032777999999999718e-17
3.019227999999999971e-17
2.805239999999999411e-17
3.071643999999999677e-17
3.025513999999999754e-17
3.100125000000000134e-17
2.966943000000000098e-17
2.875659000000000177e-17
2.940025999999999705e-17
2.907392000000000622e-17
3.053718999999999982e-17
2.928863999999999579e-17
3.020079000000000214e-17
3.021834999999999606e-17
2.999332999999999970e-17
2.952018999999999360e-17
2.815089999999999709e-17
2.822763999999999812e-17
2.854234000000000770e-17
2.938126999999999558e-17
2.948094999999999565e-17
2.777578000000000028e-17
2.886084999999999693e-17
2.823231000000000166e-17
2.898204000000000082e-17
2.946189000000000679e-17
2.868714999999999915e-17
2.952709000000000857e-17
2.874959000000000481e-17
2.830286000000000164e-17
2.867235000000000136e-17
2.891046999999999959e-17
2.930372000000000480e-17
2.840664999999999514e-17
2.844729999999999807e-17
2.983972000000000256e-17
3.092624000000000316e-17
3.171957999999999620e-17
3.155279000000000542e-17
2.929275000000000154e-17
2.861952999999999550e-17
2.942459999999999672e-17
2.939888999999999718e-17
2.819230000000000059e-17
3.039090999999999570e-17
3.066219000000000186e-17
3.055090999999999485e-17
3.199675000000000194e-17
3.235514999999999535e-17
3.221015999999999933e-17
3.208269999999999646e-17
3.069532000000000285e-17
3.140056999999999838e-17
3.132179000000000103e-17
2.829037000000000703e-17
2.909761999999999786e-17
3.045639000000000254e-17
3.224268999999999741e-17
3.049249000000000499e-17
3.139501999999999921e-17
3.334052000000000169e-17
3.250550999999999830e-17
3.183809000000000189e-17
3.140542000000000033e-17
3.117874999999999905e-17
3.237102000000000388e-17
3.142844999999999550e-17
3.198739999999999667e-17
3.046003000000000046e-17
2.906122999999999832e-17
3.061016000000000168e-17
3.407455999999999690e-17
3.276657999999999995e-17
3.180038999999999785e-17
3.047492000000000054e-17
3.360657000000000036e-17
3.407305999999999579e-17
3.394675000000000158e-17
3.358074999999999598e-17
3.299537000000000780e-17
3.380760000000000182e-17
3.289648000000000108e-17
3.359796999999999564e-17
3.540263999999999885e-17
3.336076999999999817e-17
3.356662999999999901e-17
3.406481000000000201e-17
3.605237999999999829e-17
3.552738999999999658e-17
3.334561999999999560e-17
3.380566999999999801e-17
3.555740999999999667e-17
3.601505999999999362e-17
3.576342999999999953e-17
3.701139999999999706e-17
3.567740999999999912e-17
3.425803999999999648e-17
3.517780000000000090e-17
3.593597999999999481e-17
3.538985999999999482e-17
3.500717999999999710e-17
3.709994999999999802e-17
3.525085999999999887e-17
3.554372000000000857e-17
3.561959999999999804e-17
3.644237999999999698e-17
3.542055999999999574e-17
3.576274000000000666e-17
3.619121999999999839e-17
3.695112999999999514e-17
3.563882999999999327e-17
3.603340999999999938e-17
3.611720999999999889e-17
3.627405999999999817e-17
3.631811999999999731e-17
3.709372999999999622e-17
3.335826000000000018e-17
3.329510000000000089e-17
3.508869999999999418e-17
3.548115999999999987e-17
3.594820000000000105e-17
3.785693999999999664e-17
3.707579999999999496e-17
3.624773999999999753e-17
3.579717000000000163e-17
3.427032999999999628e-17
3.594044999999999737e-17
3.427677999999999981e-17
3.470166999999999694e-17
3.496821999999999804e-17
3.578578000000000003e-17
3.724543999999999647e-17
3.635871999999999692e-17
3.533175999999999665e-17
3.610963999999999978e-17
3.694767999999999999e-17
3.774022999999999967e-17
3.592829999999999702e-17
3.459683999999999964e-17
3.600874999999999569e-17
3.624410999999999780e-17
3.704068000000000095e-17
3.649826999999999862e-17
3.668775999999999467e-17
3.745371000000000098e-17
3.794126999999999933e-17
3.416436000000000084e-17
3.400617999999999449e-17
3.749061000000000115e-17
3.740284999999999354e-17
3.829969999999999350e-17
3.720805999999999644e-17
3.559480000000000106e-17
3.504556999999999401e-17
3.677208999999999736e-17
3.607534999999999810e-17
3.571464999999999970e-17
3.728735999999999878e-17
3.952619000000000030e-17
3.919577999999999652e-17
3.833789999999999997e-17
3.910881999999999895e-17
4.045019999999999758e-17
3.929516999999999334e-17
3.625348999999999767e-17
3.710197999999999615e-17
3.740469999999999326e-17
3.975820999999999977e-17
4.137584999999999543e-17
4.165689000000000083e-17
4.105975999999999575e-17
4.205769000000000258e-17
4.139882999999999344e-17
4.165918999999999349e-17
4.027478000000000133e-17
3.931110999999999543e-17
3.836773999999999549e-17
3.511592999999999739e-17
3.399947000000000079e-17
3.613869999999999399e-17
3.566380999999999481e-17
3.513612999999999671e-17
3.386264000000000242e-17
3.403892999999999611e-17
3.500456000000000042e-17
3.641893999999999551e-17
3.253169999999999770e-17
3.314140999999999967e-17
3.482506999999999738e-17
3.500239999999999488e-17
3.595352000000000465e-17
3.827105999999999764e-17
3.616911999999999602e-17
3.705494999999999556e-17
3.708637999999999448e-17
3.588027999999999594e-17
3.637414999999999839e-17
3.733997999999999751e-17
3.763811999999999953e-17
3.626168999999999429e-17
3.717385999999999704e-17
3.686300999999999688e-17
3.553271999999999839e-17
3.545155999999999812e-17
3.238914999999999995e-17
3.145506999999999759e-17
3.248366999999999842e-17
3.409214999999999774e-17
3.451075999999999770e-17
3.464089000000000057e-17
3.295945999999999580e-17
3.393303999999999859e-17
3.300195000000000026e-17
3.464869999999999960e-17
3.476584999999999748e-17
3.450497000000000476e-17
3.333112999999999746e-17
3.389634999999999760e-17
3.517838999999999944e-17
3.499726000000000201e-17
3.529095999999999606e-17
3.572807999999999763e-17
3.499115999999999709e-17
3.314867999999999732e-17
3.595539000000000078e-17
3.648659999999999812e-17
3.537176999999999771e-17
3.661609999999999732e-17
3.638064999999999908e-17
3.673599999999999928e-17
3.660622999999999939e-17
3.671241999999999836e-17
3.582713000000000020e-17
3.544929999999999826e-17
3.172069999999999793e-17
3.049760000000000326e-17
3.061311999999999877e-17
3.164514999999999836e-17
3.058826999999999848e-17
3.215577999999999700e-17
3.167348000000000073e-17
2.590309999999999893e-17
1.701682999999999791e-17
5.719601999999999774e-18
1.935843999999999912e-17
3.073359000000000904e-17
3.198679000000000173e-17
3.322000000000000042e-17
3.396199000000000028e-17
3.275210999999999820e-17
3.291814000000000871e-17
3.218646000000000153e-17
3.057837999999999799e-17
3.155499000000000376e-17
3.367600999999999681e-17
3.360024999999999807e-17
3.462696999999999841e-17
3.509859999999999904e-17
3.556021999999999612e-17
3.543650999999999603e-17
3.465342999999999850e-17
3.350777999999999412e-17
3.334022999999999843e-17
3.473902999999999441e-17
3.392256999999999775e-17
3.350984999999999738e-17
3.287025999999999476e-17
3.503332000000000550e-17
3.494263999999999975e-17
3.476008999999999913e-17
3.521207999999999822e-17
3.672966999999999879e-17
3.685257999999999500e-17
3.432830999999999757e-17
3.634594999999999726e-17
3.605909999999999635e-17
3.451913999999999889e-17
3.475700999999999899e-17
3.567291000000000195e-17
3.402754999999999887e-17
3.573874999999999944e-17
3.707110999999999502e-17
3.692919999999999914e-17
3.499238999999999750e-17
3.330095999999999355e-17
3.394822000000000193e-17
3.611268999999999300e-17
3.669837999999999932e-17
3.582261000000000047e-17
3.804487999999999442e-17
3.746824999999999628e-17
3.730306000000000094e-17
3.550936000000000100e-17
3.591717999999999611e-17
3.599912000000000386e-17
3.356467000000000061e-17
3.581525000000000053e-17
3.753179000000000111e-17
3.721737999999999478e-17
3.552969999999999361e-17
3.373119999999999505e-17
3.492437999999999628e-17
3.520611999999999891e-17
3.685122999999999770e-17
3.813068999999999567e-17
3.678251999999999924e-17
3.684718999999999783e-17
3.730499999999999679e-17
3.741079999999999818e-17
3.815507000000000046e-17
3.811765999999999967e-17
3.863394999999999618e-17
3.671919999999999795e-17
3.527404000000000401e-17
3.807839999999999916e-17
3.978648000000000063e-17
3.717422999999999821e-17
3.793057999999999496e-17
3.918597999999999831e-17
3.895539999999999842e-17
3.887383999999999621e-17
3.931847999999999973e-17
3.925198999999999601e-17
3.909059999999999443e-17
3.980545999999999773e-17
3.935624999999999733e-17
3.915143999999999850e-17
3.917340999999999962e-17
4.059958999999999645e-17
3.736814999999999787e-17
3.781334999999999917e-17
3.967482000000000041e-17
4.322956000000000095e-17
4.113715999999998272e-17
4.120293999999999717e-17
4.070740999999999777e-17
3.789579999999999521e-17
3.909237999999999444e-17
4.107285999999999763e-17
4.032184999999999472e-17
4.077891999999999748e-17
3.973832999999999831e-17
3.976063999999999368e-17
3.919398000000000012e-17
4.056655999999999594e-17
4.301507000000001312e-17
4.176194999999999371e-17
4.191444999999999347e-17
4.257161000000000054e-17
4.244164999999999788e-17
4.017303999999999620e-17
4.147606999999999689e-17
4.094175999999999684e-17
4.260954999999999835e-17
4.217886000000000392e-17
4.129145999999999737e-17
4.153191999999999956e-17
4.118022999999999985e-17
4.120007999999999440e-17
4.116698000000000033e-17
4.081009000000000007e-17
4.095552999999999519e-17
4.261949000000001449e-17
4.335620999999999557e-17
4.228710999999998329e-17
4.260416000000000118e-17
4.171097999999999990e-17
4.071027999999999875e-17
4.111354000000000133e-17
4.133850000000000233e-17
4.252982999999999767e-17
4.364742000000000036e-17
4.349315999999999699e-17
4.266042999999999603e-17
4.240805000000000138e-17
4.378089999999999790e-17
4.297976999999999606e-17
4.232292000000000098e-17
4.132081999999999920e-17
4.171526999999999790e-17
4.305162000000000234e-17
4.261579000000001504e-17
4.203665999999999862e-17
4.254614999999999297e-17
4.462524999999999603e-17
4.603953000000000296e-17
4.346707999999999628e-17
4.183217999999999584e-17
4.191926999999999465e-17
4.117697000000000131e-17
3.757170999999999373e-17
4.164185999999999514e-17
4.367633999999999512e-17
4.544146999999999891e-17
4.123879999999999969e-17
3.937428999999999728e-17
4.178872999999999165e-17
4.140164000000001137e-17
3.929292999999999604e-17
3.636520999999999942e-17
4.128832000000000187e-17
4.342136000000000019e-17
4.336345999999999066e-17
4.398187999999999604e-17
4.448914000000001594e-17
4.670081000000000164e-17
4.555344999999999699e-17
4.384316999999999718e-17
4.504069999999999176e-17
4.228965999999998025e-17
4.293439999999999242e-17
4.453461999999999977e-17
4.452784999999999838e-17
4.338507000000001346e-17
4.339100999999999172e-17
4.345829999999999932e-17
4.445062999999999749e-17
4.410193000000000180e-17
4.165226999999999446e-17
4.000776999999999677e-17
4.216057999999999788e-17
4.534182999999999780e-17
4.508672999999999367e-17
4.295529999999999514e-17
4.326547999999999267e-17
4.258589999999999771e-17
4.285183999999999770e-17
4.431974000000000203e-17
4.549436999999999653e-17
4.409845999999999176e-17
4.320753999999999650e-17
4.650712999999999575e-17
4.762914999999999589e-17
4.676392999999999580e-17
4.509109000000000371e-17
4.674840000000000002e-17
4.653952999999999876e-17
4.748619000000001033e-17
4.805540999999999904e-17
4.672629999999999765e-17
4.551988000000000126e-17
4.544864999999999428e-17
4.607654999999999384e-17
4.627147999999999655e-17
4.512681999999999266e-17
4.647560000000000252e-17
4.621776999999999686e-17
4.518512999999999616e-17
4.509383999999999547e-17
4.710906999999999765e-17
4.638025999999999760e-17
4.697200999999999755e-17
4.682940999999999648e-17
4.569387999999999432e-17
4.361977999999999702e-17
4.594613000000000005e-17
4.789923999999999443e-17
4.776441999999999779e-17
4.918110999999999607e-17
4.842573000000000340e-17
4.781180000000000316e-17
4.546867000000000136e-17
4.556440999999999589e-17
4.576105999999999707e-17
4.731667999999999157e-17
4.593064999999999526e-17
4.637514000000000113e-17
4.670909999999999438e-17
4.696463999999999942e-17
4.753340999999998287e-17
4.785494999999999356e-17
4.625212000000000007e-17
4.518973999999999817e-17
4.619735999999999836e-17
4.810377000000000053e-17
4.779270999999999504e-17
4.858343999999999576e-17
4.832209999999999959e-17
4.767019000000000257e-17
4.758634999999999794e-17
4.681888999999999848e-17
4.744384999999999735e-17
4.764918999999999320e-17
4.935544999999999571e-17
4.907620999999999903e-17
4.631185999999999263e-17
4.592138999999999844e-17
4.712164000000001483e-17
4.789870999999999740e-17
4.808662000000000059e-17
4.673122999999999135e-17
4.541762999999999550e-17
4.678078000000000046e-17
4.931020999999999332e-17
4.973272999999999807e-17
4.847525999999999762e-17
5.215760999999999868e-17
4.964625000000000036e-17
4.838766999999999638e-17
4.789574999999999415e-17
4.949700999999999914e-17
5.039551000000000402e-17
4.943731999999999757e-17
4.495502000000000410e-17
4.609180000000000306e-17
4.843544999999999752e-17
4.975419999999999677e-17
5.005185000000000072e-17
4.937125999999999655e-17
4.867869000000001072e-17
4.806712999999999670e-17
4.805225999999999302e-17
4.881751000000000210e-17
5.003465999999998333e-17
4.883542000000000080e-17
4.980391999999999376e-17
5.089609999999999221e-17
4.978435000000000427e-17
4.902459999999999720e-17
5.011689999999999253e-17
5.014226999999999781e-17
4.928008999999999891e-17
4.957247000000000259e-17
4.970815999999999666e-17
4.985380999999998479e-17
4.826239000000001395e-17
4.867707000000000040e-17
4.738213999999999585e-17
4.850643000000000021e-17
4.753810000000000129e-17
4.504213999999999751e-17
4.983810000000000292e-17
4.979067999999999859e-17
5.067247999999999031e-17
5.101954999999999597e-17
5.120734000000000227e-17
5.005941999999999983e-17
5.124264999999999904e-17
4.937998999999999635e-17
4.967032999999998521e-17
4.978728999999999880e-17
5.005722999999999969e-17
4.767346999999999751e-17
4.742847999999999740e-17
4.967436999999999740e-17
5.115164999999999544e-17
5.070082000000000321e-17
5.036024000000000005e-17
5.262174999999999812e-17
5.124047000000000943e-17
5.157037000000000025e-17
5.022500999999999711e-17
5.080320999999999609e-17
5.014161999999999774e-17
4.932978999999999950e-17
4.942127000000000296e-17
5.123069999999999349e-17
4.998172000000001141e-17
4.995970999999999283e-17
5.125595000000000189e-17
5.146580999999999747e-17
5.030901999999999579e-17
5.224244000000000996e-17
5.252373000000001349e-17
5.111432999999999694e-17
5.235372999999999051e-17
5.029850999999999599e-17
5.168979000000000235e-17
5.160001999999999917e-17
5.222601999999999568e-17
5.146450999999999734e-17
5.096688999999999828e-17
5.119726999999999721e-17
5.215332000000000068e-17
5.197235999999999729e-17
5.212613000000000260e-17
5.108217000000001236e-17
5.168148999999999909e-17
5.087859000000000161e-17
5.206265999999999134e-17
5.124545999999998000e-17
5.160722999999999529e-17
5.286960999999998071e-17
5.175795999999998093e-17
5.238596999999999767e-17
5.061748999999999304e-17
5.215547999999999390e-17
5.019442999999999924e-17
5.100320999999999810e-17
4.925029999999999439e-17
5.243638000000000602e-17
5.243623999999999424e-17
5.116778000000000030e-17
5.085445999999999495e-17
5.235926999999999149e-17
5.430580999999999777e-17
5.309223000000000858e-17
5.176983000000000088e-17
5.256718000000001151e-17
5.197337999999999238e-17
5.129717000000001314e-17
5.153414999999999476e-17
5.005883999999999948e-17
5.099149999999999248e-17
5.060000999999999704e-17
4.927700999999999877e-17
4.705244999999999803e-17
4.870675000000000008e-17
5.087914000000001352e-17
5.051874999999999629e-17
4.867753999999999590e-17
4.799183999999999962e-17
5.041561999999999490e-17
5.181462000000000417e-17
4.733604999999999242e-17
4.594659999999999555e-17
4.723239000000001249e-17
4.641651999999999589e-17
4.615774000000000104e-17
4.703824000000001110e-17
4.763673999999999756e-17
4.796355999999999441e-17
4.814451999999999779e-17
5.135877999999999566e-17
4.806319000000000348e-17
4.906976999999999370e-17
4.736487999999999722e-17
4.514284999999999703e-17
4.821833999999999452e-17
5.081092000000001313e-17
4.955749999999999842e-17
4.950197999999999796e-17
5.063939000000000060e-17
4.726207999999999188e-17
5.210012999999999365e-17
5.460733999999999959e-17
4.328320999999999912e-17
4.791883999999999700e-17
5.087404999999999316e-17
4.445985999999999355e-17
4.697979999999999403e-17
5.310483000000000187e-17
4.910196999999999573e-17
4.424651999999999589e-17
5.168708999999999542e-17
5.195447000000000116e-17
4.386889000000000108e-17
4.855798999999999872e-17
5.270310999999999319e-17
4.945260999999999959e-17
4.387900999999999714e-17
5.024731999999999865e-17
5.243026999999999057e-17
4.866652999999999984e-17
4.470916999999999858e-17
5.000520999999999155e-17
5.121050000000000033e-17
4.800104999999999312e-17
4.666675999999999989e-17
4.845391999999999401e-17
5.091052999999999499e-17
4.925897999999999702e-17
4.609417000000000161e-17
4.823284000000000935e-17
4.571835999999998111e-17
3.847459999999999710e-17
3.192218999999999669e-17
3.982593999999999595e-17
4.675489000000000868e-17
4.847659000000001085e-17
4.702725999999999115e-17
4.478511000000000189e-17
4.522835999999998449e-17
4.645127999999999308e-17
4.811122999999999479e-17
4.670090999999998364e-17
4.650854999999999278e-17
4.748778000000000139e-17
4.777643999999999690e-17
4.884672000000001244e-17
4.657251000000000210e-17
4.655102999999999904e-17
4.785329999999999481e-17
4.861294999999999523e-17
4.780057999999999560e-17
4.764226999999999417e-17
4.624255999999998330e-17
4.764369000000000968e-17
4.753221999999999374e-17
4.834311999999999919e-17
4.739295999999998297e-17
4.676551000000000100e-17
4.271942999999999857e-17
3.792014000000000105e-17
4.321922999999999340e-17
4.867902000000000061e-17
4.696892999999999741e-17
4.792635000000000075e-17
4.671026999999999944e-17
4.711809999999999891e-17
4.811982999999999951e-17
4.774619999999999328e-17
4.741987999999999885e-17
4.849255999999998288e-17
4.631084999999999575e-17
4.513354999999999509e-17
4.632779000000000268e-17
4.755681999999999591e-17
4.673968999999999662e-17
4.801973999999999929e-17
4.811011999999999742e-17
4.714794999999999879e-17
4.740305999999999496e-17
4.808700999999999817e-17
4.893489999999999374e-17
4.984765999999999503e-17
4.893266999999999464e-17
4.956885000000000106e-17
5.082129999999999935e-17
5.211042000000000224e-17
5.079465999999998237e-17
4.963666999999999952e-17
4.973937999999999641e-17
5.062181999999999616e-17
5.053885999999999949e-17
5.022196999999999593e-17
5.081700999999999520e-17
4.958695999999999456e-17
5.056894000000000111e-17
5.050175999999999836e-17
4.981298999999999397e-17
4.904019999999999887e-17
4.693612000000000043e-17
4.363771999999999648e-17
4.045246999999999565e-17
4.152319999999999180e-17
4.606859999999999536e-17
4.794494000000001260e-17
5.005820999999999581e-17
4.905556999999999265e-17
4.987471999999999187e-17
4.892853000000000045e-17
4.972164000000001024e-17
4.995274000000000280e-17
4.894922000000001016e-17
4.949943999999999921e-17
4.903950999999999984e-17
5.022970999999999525e-17
4.982438999999999993e-17
5.100540999999999644e-17
5.147923999999999541e-17
4.955920000000000050e-17
4.960394000000000046e-17
4.858405999999999507e-17
5.072507999999999263e-17
5.096610999999999697e-17
5.130092000000000975e-17
4.946445999999999849e-17
4.870425999999999848e-17
4.942173999999999846e-17
4.897685000000000298e-17
4.991777000000000028e-17
4.960637999999999873e-17
5.020654000000000063e-17
4.939312999999999719e-17
4.807447999999999843e-17
4.949638999999999983e-17
5.064627999999999271e-17
5.082054000000000060e-17
5.247687999999999898e-17
5.206468999999999563e-17
5.083034000000001113e-17
4.976896999999999380e-17
5.026917000000000289e-17
5.071829999999999921e-17
5.044715000000000046e-17
5.270996999999998454e-17
5.187273999999999874e-17
5.302001000000000111e-17
5.213345999999999561e-17
5.125534999999999282e-17
5.184698000000000205e-17
5.034450999999999713e-17
5.126574999999999393e-17
5.241404000000000371e-17
5.179511000000000388e-17
5.247801999999999095e-17
5.383139000000000026e-17
5.215130000000000075e-17
5.279761000000000144e-17
5.114923999999999793e-17
5.013791999999999829e-17
5.240532999999998183e-17
5.368558999999999600e-17
5.325075999999999505e-17
5.243254999999999916e-17
5.122454999999999757e-17
5.117857999999999719e-17
5.079264999999999912e-17
4.941176000000000184e-17
4.887649000000000207e-17
5.048899999999999073e-17
4.827468999999999962e-17
4.918474000000000195e-17
5.179482999999999883e-17
5.170118000000000395e-17
5.062811999999999589e-17
5.143315999999999634e-17
5.294611999999998617e-17
5.293569000000000278e-17
5.336160999999999936e-17
5.241348999999999797e-17
5.333369000000000945e-17
5.200198000000000161e-17
5.222954000000001521e-17
5.212303999999999810e-17
5.133755999999998277e-17
5.208667999999999315e-17
5.215603999999999785e-17
5.386346999999999308e-17
5.426680000000000155e-17
5.154828000000000224e-17
5.185772999999999562e-17
5.177417999999999424e-17
5.251417000000000289e-17
5.280454999999999687e-17
5.260936999999999603e-17
5.245450999999999592e-17
5.327263000000000802e-17
5.208311999999999315e-17
5.182932999999999968e-17
5.315445999999999657e-17
5.224478999999999978e-17
5.338463000000001482e-17
5.312951999999998167e-17
5.261800999999999971e-17
5.273520999999999474e-17
5.483114999999999193e-17
5.335849999999999846e-17
5.133165999999999731e-17
5.552598000000000843e-17
5.387404999999999260e-17
5.302602999999999579e-17
5.240317999999999914e-17
5.426770999999999179e-17
5.370453000000000030e-17
5.299050999999999985e-17
5.422127000000000207e-17
5.362058000000000315e-17
5.440060999999999514e-17
5.310883999999999481e-17
5.315284000000001091e-17
5.446458000000000883e-17
5.463384999999999684e-17
5.464725999999999221e-17
5.169167000000000283e-17
5.222213999999999783e-17
5.284305999999999067e-17
5.461696999999999142e-17
5.491076000000000009e-17
5.295954000000001056e-17
5.139209999999999943e-17
5.085585999999998324e-17
5.239739999999999207e-17
5.177243000000000116e-17
5.474634999999999990e-17
5.435377000000000348e-17
5.380895999999999567e-17
5.408343000000001298e-17
5.418136999999999352e-17
5.447558000000000669e-17
5.301685999999999509e-17
5.443988000000000002e-17
5.275002000000000306e-17
5.340623000000000860e-17
5.373460999999998343e-17
5.306843999999999616e-17
5.272025999999999314e-17
5.396885000000000230e-17
5.366798000000001108e-17
5.534808000000000879e-17
5.582979000000000035e-17
5.601578000000000409e-17
5.327814000000000207e-17
5.364770999999999355e-17
5.496505000000000013e-17
5.456023999999999927e-17
5.458173000000001286e-17
5.399553000000000592e-17
5.441728999999999958e-17
5.271501000000000158e-17
5.196130999999998378e-17
5.336466999999999077e-17
5.330426000000000174e-17
5.431514000000000048e-17
5.471298999999999717e-17
5.717975999999999317e-17
5.516401999999999037e-17
5.509484000000000258e-17
5.644681999999999097e-17
5.609425000000000179e-17
5.558229999999998812e-17
5.389999999999999823e-17
5.270779999999999313e-17
5.363060999999999693e-17
5.461511999999999170e-17
5.694420000000000242e-17
5.614184000000000016e-17
5.481933000000000611e-17
5.557591999999999047e-17
5.705331999999997923e-17
5.582344999999999550e-17
5.831461999999999886e-17
5.658278000000000423e-17
5.635439000000000448e-17
5.646205999999999583e-17
5.625301999999998820e-17
5.520028000000000099e-17
5.618636999999999480e-17
5.664293999999999513e-17
5.826818000000000298e-17
5.729013000000000378e-17
5.674499999999999812e-17
5.638958999999999024e-17
5.620914999999999800e-17
5.785998000000000850e-17
5.857423999999999656e-17
5.818981999999999780e-17
5.751837000000000589e-17
5.801490999999999601e-17
5.796576999999998087e-17
5.758058999999999569e-17
5.411548999999999708e-17
5.308164999999999673e-17
5.454451999999998223e-17
5.682550999999999831e-17
5.618595999999999466e-17
5.763581000000000085e-17
5.878395999999999270e-17
5.813278999999999803e-17
5.653680999999999769e-17
5.783996999999998729e-17
5.891261999999998905e-17
5.799423000000000915e-17
5.720306999999999956e-17
5.618338000000001543e-17
5.977699999999999246e-17
6.039494000000001646e-17
6.043069000000000181e-17
5.985541999999999917e-17
5.904926999999998901e-17
5.733633000000001822e-17
5.909563999999999750e-17
5.476209999999999921e-17
5.577810000000000059e-17
5.459199000000000837e-17
5.421391999999999417e-17
5.678739999999999413e-17
5.971947999999999463e-17
6.001349999999999887e-17
5.990232999999999671e-17
5.911665999999999710e-17
5.806395999999999036e-17
5.703164999999999805e-17
6.051043999999999092e-17
6.051529999999999107e-17
5.797133000000001523e-17
5.972345999999999297e-17
5.851395000000000441e-17
5.746654000000000668e-17
5.559713000000001749e-17
5.368013000000000527e-17
5.477531999999997949e-17
5.861065999999999686e-17
6.051484999999999813e-17
6.162458999999999050e-17
6.157435000000000085e-17
5.990975000000000433e-17
5.949941000000000070e-17
5.980879999999999872e-17
6.065022999999999255e-17
6.261539000000001145e-17
6.136131999999999668e-17
6.266050000000000027e-17
6.007941999999998811e-17
5.972048000000001181e-17
5.971228999999999490e-17
6.028022000000000017e-17
5.991607000000000046e-17
5.820824000000000944e-17
5.720368000000000067e-17
5.981819999999999498e-17
6.212260999999999765e-17
6.003214999999999376e-17
5.855816999999999322e-17
6.010074999999999353e-17
6.114803000000000234e-17
6.124365999999999202e-17
5.934994000000001624e-17
6.074954999999999581e-17
6.225888000000000440e-17
6.106538000000000532e-17
5.828351999999998983e-17
5.952214999999999878e-17
6.116350000000000276e-17
6.139667000000000473e-17
6.150664999999999928e-17
6.080880999999997619e-17
5.835524999999999307e-17
5.936455999999999714e-17
6.168615000000000052e-17
5.808966999999999606e-17
5.893706999999998741e-17
5.884144999999999592e-17
6.046660999999999352e-17
6.234875999999999394e-17
5.992418999999999298e-17
6.038066999999998487e-17
6.094636999999999720e-17
6.022851999999998988e-17
6.081524000000000181e-17
6.100128000000000887e-17
6.058308000000000289e-17
6.205995000000000079e-17
6.051895999999999772e-17
5.906598999999999858e-17
5.893758999999999239e-17
5.628489000000000650e-17
6.022984999999999695e-17
6.095502000000000524e-17
6.107668999999999051e-17
5.989944999999999754e-17
5.920136000000000713e-17
5.973875000000000116e-17
5.965345000000000054e-17
5.738035999999999194e-17
6.112706999999997961e-17
6.204941999999998610e-17
5.884508999999999385e-17
6.002600999999998987e-17
6.082870999999999254e-17
6.077540999999999915e-17
6.150527999999999941e-17
6.329603999999999866e-17
6.339263999999999859e-17
6.396984999999999708e-17
6.249890999999999156e-17
6.272111999999998231e-17
6.179805999999999271e-17
6.227208000000000677e-17
6.234043000000001457e-17
6.478091999999999657e-17
6.366798999999999921e-17
6.315994999999999648e-17
6.330074999999998883e-17
6.432690999999999139e-17
6.370966999999998927e-17
6.224405999999999788e-17
6.258808999999999620e-17
6.542574999999999871e-17
6.253830999999999768e-17
6.353626000000000091e-17
6.227445999999999735e-17
5.803861999999999201e-17
6.320635999999999776e-17
6.652480999999999107e-17
6.541830999999999468e-17
6.623071999999998711e-17
6.622113000000000040e-17
6.379246999999998393e-17
6.205958000000000578e-17
6.592069999999999159e-17
6.607539000000000999e-17
6.386785999999999382e-17
6.717930999999999017e-17
6.423175000000000336e-17
6.250864000000001470e-17
6.248713999999999058e-17
6.461946000000000144e-17
5.917518999999999797e-17
4.909172999999999662e-17
5.323649000000000044e-17
6.086486999999999035e-17
6.105980999999999742e-17
6.191790999999999750e-17
6.342272999999999224e-17
6.296542000000000188e-17
6.525036999999998293e-17
5.989484999999998756e-17
4.864084999999999490e-17
4.985365999999999947e-17
5.866940999999999510e-17
6.026572999999999587e-17
5.981169999999999429e-17
6.182253000000001211e-17
6.269949999999999212e-17
6.136379999999999391e-17
6.003489000000000581e-17
5.993159000000001653e-17
6.184395000000000133e-17
6.102917000000000419e-17
6.213921999999999005e-17
6.183809999999999454e-17
6.204939999999998971e-17
5.994529999999998871e-17
6.146654999999999592e-17
6.202433000000000437e-17
6.316784000000000576e-17
6.263870999999999139e-17
6.084793000000000807e-17
5.990408000000000211e-17
6.112831999999997642e-17
6.494864999999999683e-17
6.332464000000000173e-17
6.582171999999998875e-17
6.745777999999999605e-17
6.379008000000000747e-17
6.027960999999998674e-17
6.548586999999999681e-17
6.359249999999999500e-17
6.177965000000000391e-17
6.430074000000000688e-17
6.382147999999999946e-17
6.430532999999999400e-17
6.208438000000000275e-17
6.108411999999998401e-17
6.174264999999999710e-17
6.334024000000000340e-17
6.526165999999999637e-17
6.173580999999999598e-17
6.570253999999999891e-17
6.532869999999999351e-17
6.373479000000000258e-17
6.473539999999999529e-17
6.445509000000000021e-17
6.306701999999997675e-17
6.304827999999999806e-17
6.190879999999999833e-17
6.218920000000000186e-17
6.097209000000000110e-17
6.211218000000001426e-17
6.682788000000000528e-17
6.508449999999999291e-17
6.735263000000000705e-17
6.616452999999999717e-17
6.371994000000001379e-17
6.621173999999999001e-17
6.859833999999999855e-17
6.474939999999998921e-17
6.424945999999999493e-17
6.432483999999999429e-17
6.309310999999998798e-17
6.316871999999998291e-17
6.351773999999999494e-17
6.400838000000001193e-17
6.519371000000000283e-17
6.444628000000000865e-17
6.611419999999999908e-17
6.596159000000001295e-17
6.577916999999999509e-17
6.269694999999999517e-17
6.506282999999999941e-17
6.313792000000000616e-17
6.613234999999999770e-17
6.271998999999998854e-17
6.029744000000000600e-17
6.675062999999999747e-17
6.284109000000000248e-17
6.297315999999998886e-17
6.096373000000001480e-17
6.123970000000000240e-17
6.369331999999998704e-17
6.401169999999999351e-17
6.389723000000000616e-17
6.240133000000000783e-17
6.235373000000001126e-17
6.405743000000000628e-17
6.323186999999999016e-17
5.982309000000000205e-17
6.041841999999999224e-17
6.216583999999999215e-17
6.294339999999999743e-17
6.299752000000000342e-17
6.047343999999999644e-17
6.334494999999999357e-17
6.491464999999999224e-17
6.550918999999998907e-17
6.468026000000000037e-17
6.241713999999999635e-17
6.527952999999999611e-17
6.661020999999999833e-17
6.275408000000000158e-17
6.551091999999999808e-17
6.500293999999999687e-17
6.147125999999999842e-17
5.623282999999999940e-17
5.723015000000000512e-17
6.282265999999999263e-17
6.381071999999998920e-17
6.207119000000001091e-17
6.070160999999999882e-17
6.001200999999999596e-17
6.310885000000000143e-17
6.445810999999999882e-17
6.382089999999999295e-17
6.152473000000001051e-17
6.207834999999999139e-17
6.566301000000000387e-17
6.211924999999999862e-17
6.324223999999999668e-17
6.077727999999999528e-17
5.860213000000001652e-17
5.908784000000000899e-17
5.872915999999999820e-17
6.048111999999999423e-17
6.316994999999999566e-17
6.123503999999999090e-17
5.840425999999999463e-17
6.042111000000000097e-17
6.141945999999999381e-17
6.103114000000000696e-17
6.201191999999998303e-17
6.393383999999999691e-17
6.057103000000000302e-17
5.632051000000000293e-17
5.693114999999999770e-17
6.042779999999999211e-17
6.254854000000000475e-17
6.320611999999999167e-17
6.355216999999999608e-17
6.412566999999998459e-17
6.416090000000000193e-17
6.349421999999998939e-17
6.241765000000000313e-17
6.341310999999999861e-17
6.352510999999999924e-17
5.597641999999999076e-17
6.232715000000000196e-17
6.488604000000000329e-17
6.047598000000000752e-17
5.558200999999999103e-17
5.941054000000000188e-17
6.026970999999999421e-17
5.671041000000000114e-17
5.454452999999999892e-17
5.778148000000000387e-17
6.254954999999999548e-17
6.363667000000000514e-17
6.371960000000000105e-17
6.253708999999999547e-17
6.407699999999999577e-17
6.113449000000001188e-17
6.063036999999998132e-17
6.497201999999998009e-17
6.163700999999999771e-17
6.144310000000000241e-17
6.522776999999998430e-17
6.455084999999999114e-17
6.516492999999999519e-17
6.342874999999999308e-17
6.538939999999999813e-17
6.436851999999999405e-17
6.308288000000000556e-17
6.204218000000000770e-17
5.909475999999999570e-17
6.108254999999999550e-17
6.497924999999999727e-17
6.212209999999999087e-17
6.238514999999999965e-17
6.386798000000000919e-17
6.481305999999999091e-17
6.304019999999999833e-17
6.429104000000000299e-17
6.232998999999999601e-17
6.060716999999999210e-17
5.836913000000000859e-17
6.118220999999998685e-17
6.434838999999999445e-17
6.519464999999999383e-17
6.270185000000000044e-17
6.056022000000000176e-17
5.571988000000000553e-17
4.936770000000000271e-17
5.699731999999999124e-17
6.120341999999998922e-17
5.958779999999999966e-17
6.172141999999999833e-17
6.300541999999999858e-17
6.173485999999999446e-17
6.278420000000000216e-17
6.240246999999998747e-17
6.318896999999999789e-17
6.273008999999999436e-17
6.317177999999999898e-17
6.048954999999999257e-17
5.936693000000000185e-17
6.171343000000001937e-17
6.291764999999999893e-17
6.312932999999999964e-17
6.211168000000000568e-17
6.124216999999998911e-17
6.309581999999998078e-17
6.247729999999998725e-17
6.265611999999998766e-17
6.215626000000000363e-17
6.426103999999999314e-17
6.341611000000000082e-17
5.906642999999999332e-17
5.415480999999999295e-17
5.791316999999998471e-17
6.329979000000000143e-17
6.372989999999999552e-17
6.277310000000000381e-17
6.379640999999998947e-17
6.403731999999999076e-17
6.313166999999999743e-17
6.392103999999999649e-17
6.305258999999999862e-17
6.344130999999998741e-17
6.157462000000000154e-17
6.299709999999999276e-17
6.356911999999997656e-17
6.548473000000000484e-17
6.487079999999999844e-17
6.278411999999997958e-17
6.463880999999998123e-17
6.455194000000000443e-17
6.412446999999999110e-17
6.489604000000000247e-17
6.299890999999998736e-17
6.023739999999999349e-17
6.203339999999999842e-17
7.028880999999998429e-17
6.818107999999999589e-17
6.268214999999999737e-17
6.136229999999999280e-17
6.204141999999999662e-17
6.392581000000000051e-17
6.095638999999999278e-17
6.038185000000000662e-17
6.265215999999998572e-17
6.441394000000000101e-17
6.173369999999999377e-17
6.046482999999999352e-17
5.968545999999998131e-17
5.610292000000000623e-17
5.806183000000000407e-17
6.012542000000000158e-17
5.897366999999997996e-17
5.984295999999998683e-17
6.185751999999999870e-17
6.345413000000000888e-17
6.379459999999999487e-17
6.395634999999999942e-17
6.305921999999998823e-17
6.134749999999999500e-17
6.375638000000001049e-17
6.265328000000000594e-17
6.208358999999999707e-17
6.204463000000001034e-17
6.357503999999999540e-17
6.330306999999999021e-17
6.281166000000000093e-17
6.072534000000001587e-17
5.871489000000001591e-17
5.682651999999998904e-17
5.790843000000001227e-17
6.587991999999997508e-17
6.654923999999999303e-17
6.009221999999998854e-17
5.886569999999999331e-17
5.964683999999999500e-17
6.064871999999998092e-17
6.191699999999998878e-17
6.419381999999999143e-17
6.309575999999999159e-17
6.372603000000000202e-17
6.342809000000000097e-17
6.316111999999998305e-17
6.429468999999999912e-17
6.345765000000000376e-17
6.293772999999999521e-17
6.319619000000001687e-17
6.570416000000000307e-17
6.462873000000000878e-17
6.580314999999999178e-17
6.596830000000000049e-17
6.423994000000000794e-17
6.604865999999999072e-17
6.478359999999999477e-17
6.429689999999999566e-17
6.531226999999999336e-17
6.570724000000000321e-17
6.496435000000000515e-17
6.443667000000000088e-17
6.638579000000001105e-17
6.589301999999999545e-17
6.434381999999999140e-17
6.517133999999999976e-17
6.241205000000000064e-17
6.349646999999999105e-17
6.417535999999999931e-17
6.533048000000001816e-17
6.582090000000000080e-17
6.766956000000000341e-17
6.641499999999999057e-17
6.496935999999999061e-17
6.549550999999999917e-17
6.657601999999999097e-17
6.602298000000001660e-17
6.654670999999998014e-17
6.626231999999999240e-17
6.706371999999998260e-17
6.506076000000000231e-17
6.427998000000000977e-17
6.780179999999999617e-17
6.836353999999999423e-17
6.687666999999999715e-17
6.667223999999999769e-17
6.703965000000000211e-17
6.688409000000001709e-17
6.599890000000000093e-17
6.614241999999998428e-17
6.230820999999999765e-17
6.359361999999999057e-17
6.552563999999999795e-17
6.601596999999999679e-17
6.491699000000001467e-17
6.687477999999999230e-17
6.622080999999999638e-17
6.478501999999999796e-17
6.273300999999999866e-17
6.450889000000000218e-17
6.491345999999999694e-17
6.647815999999999602e-17
6.563350000000000440e-17
6.826301999999999748e-17
6.662729000000000472e-17
6.635853000000000092e-17
6.640274000000000386e-17
6.726318000000000172e-17
6.715576999999997589e-17
6.738484999999998700e-17
6.696364000000000524e-17
6.835699999999998841e-17
6.593065999999999797e-17
6.595926999999999924e-17
6.548989000000001260e-17
6.645888000000000362e-17
6.621454000000001591e-17
6.439178000000000944e-17
6.737248999999999363e-17
6.534780999999999186e-17
6.580956999999998223e-17
6.725778999999999840e-17
6.712393999999999968e-17
6.738959999999999462e-17
6.483603999999999509e-17
6.714629999999999222e-17
6.791666999999999777e-17
6.637239999999999359e-17
6.366715999999997608e-17
6.171628000000001162e-17
6.713536999999997559e-17
6.861939000000000508e-17
6.351796999999999051e-17
6.208625999999999707e-17
6.720468999999999365e-17
6.946208999999999213e-17
6.864456999999998294e-17
6.878654999999999703e-17
6.665976999999999948e-17
6.600348000000000218e-17
6.222107999999999371e-17
5.934647000000000004e-17
6.685043000000001291e-17
6.930102000000000074e-17
6.833141999999999628e-17
6.779223000000000585e-17
6.667909999999999520e-17
6.355151999999998984e-17
6.752926999999999320e-17
6.760687999999999782e-17
6.467430999999998693e-17
5.907208999999999734e-17
5.668700000000000043e-17
6.258563999999999356e-17
6.544800999999999692e-17
6.579360999999999607e-17
6.548359000000000055e-17
6.736482999999999224e-17
6.918019999999999801e-17
6.702010999999999490e-17
6.627508999999999823e-17
6.786910999999999400e-17
6.890054999999999504e-17
6.803850999999998942e-17
6.911911000000000199e-17
6.998394999999999653e-17
6.729778999999999510e-17
6.924043999999999917e-17
6.814155999999999905e-17
6.807223999999999332e-17
6.598381999999999192e-17
6.599786999999997683e-17
6.524994000000001104e-17
6.741754999999999145e-17
6.752575999999999652e-17
6.781191999999998606e-17
6.705716999999999091e-17
6.817628000000000960e-17
7.076649999999999088e-17
6.941489999999999570e-17
6.997142999999999500e-17
6.878498999999999440e-17
6.861799999999999649e-17
6.999271999999999529e-17
7.017193999999999764e-17
6.817286999999998259e-17
6.775533000000000569e-17
6.782548000000000989e-17
6.629589999999999866e-17
6.609883999999999117e-17
6.797224999999999975e-17
6.823034999999999995e-17
6.967485999999999381e-17
7.024415999999999894e-17
6.928820999999998978e-17
7.073564000000000027e-17
7.212911000000000061e-17
7.105566999999999317e-17
7.034556999999999569e-17
6.884541999999999832e-17
7.016020999999998946e-17
7.050602999999999830e-17
6.831298000000001289e-17
7.144067999999999664e-17
7.205486999999999321e-17
6.984304999999999753e-17
6.781829000000001017e-17
6.964841999999999628e-17
7.376569000000000057e-17
7.246989999999999061e-17
6.899276999999998237e-17
6.893560999999999368e-17
6.865085999999998447e-17
6.921358000000000330e-17
6.789206999999997712e-17
7.149664000000001648e-17
7.039391999999999282e-17
7.072002000000000220e-17
7.183098000000000911e-17
6.833197999999999407e-17
6.707375999999999923e-17
7.007853000000000269e-17
7.268449999999999562e-17
6.922366999999997395e-17
6.934270999999998899e-17
7.052484999999998724e-17
6.907308000000000625e-17
7.116749999999999976e-17
7.160729999999998720e-17
7.179758000000000743e-17
7.185079999999999057e-17
7.445729000000000080e-17
7.293495999999999081e-17
7.169515999999999530e-17
7.340494000000000501e-17
7.054319999999999916e-17
6.895173000000001267e-17
7.280620000000000014e-17
7.317944000000000263e-17
7.366424999999999689e-17
7.065695999999999107e-17
7.015869999999999015e-17
6.880982999999999650e-17
7.051685999999999595e-17
6.777120999999999393e-17
6.303401999999998932e-17
6.051958000000000935e-17
6.461147999999999603e-17
7.045312999999999452e-17
7.199994999999999566e-17
7.223216999999999611e-17
7.250207999999999008e-17
7.293473999999999345e-17
7.319813000000000264e-17
7.497484000000000465e-17
7.169233999999999765e-17
7.215076999999998359e-17
7.248204999999999713e-17
7.070061999999999443e-17
6.753051000000000414e-17
6.345398999999999711e-17
6.651134999999999854e-17
7.287496999999998163e-17
6.859536999999997861e-17
6.931827999999999936e-17
7.349168999999999109e-17
7.269845999999999673e-17
7.130570999999999003e-17
7.368699999999999317e-17
7.117108999999999436e-17
7.444499999999999484e-17
6.939163000000000676e-17
6.987248000000001141e-17
7.283359999999999739e-17
7.333050999999997019e-17
7.202729999999998959e-17
7.381041999999997152e-17
7.285614999999999270e-17
7.323437999999999658e-17
7.277840999999998682e-17
7.071825999999999860e-17
7.175805999999998593e-17
7.414232999999999489e-17
7.540451999999997754e-17
7.604291999999996638e-17
7.626651999999999036e-17
7.559336999999997173e-17
7.449919000000000056e-17
7.160337000000000451e-17
7.154868000000000253e-17
7.115312000000000030e-17
7.062958000000001487e-17
6.963491999999997398e-17
6.999543999999999862e-17
6.892369000000000738e-17
7.030145999999999940e-17
7.059749999999999740e-17
6.975850999999999567e-17
7.234791000000000132e-17
6.949969000000000185e-17
7.046254999999999952e-17
7.029296999999998720e-17
7.270475999999999646e-17
7.168173000000000969e-17
6.900248000000000910e-17
7.213228999999999507e-17
7.047553000000000451e-17
7.161765999999999552e-17
7.260541999999997215e-17
7.199192999999999746e-17
6.961253999999999736e-17
6.887964999999999849e-17
7.282050000000000167e-17
7.178043000000001364e-17
7.102379999999999951e-17
7.302418000000001290e-17
7.118461999999999894e-17
7.105183999999999247e-17
7.107363000000000135e-17
7.066726999999999607e-17
7.136911000000000157e-17
7.242546999999999030e-17
7.055674000000000194e-17
7.314720999999998751e-17
7.231975999999999119e-17
7.250338000000001487e-17
7.534956999999998539e-17
7.392851999999999556e-17
7.154441999999999297e-17
7.316615999999999002e-17
7.176448000000000103e-17
7.318000999999999861e-17
7.387744000000000924e-17
7.423095999999998762e-17
7.285479999999998923e-17
7.125084999999999400e-17
7.007607000000000186e-17
7.321909000000001304e-17
7.059204000000000667e-17
7.055508000000001731e-17
7.193715999999998523e-17
7.219176999999999747e-17
7.780630000000000175e-17
7.304551999999999187e-17
6.863348000000000744e-17
6.788040999999999332e-17
6.928577999999999588e-17
7.204690999999999653e-17
7.067810999999999192e-17
7.160758999999999662e-17
7.195264999999999438e-17
7.329428999999999551e-17
7.312969999999999691e-17
7.181528000000000079e-17
6.861860999999999760e-17
6.761649000000000559e-17
6.946270999999999144e-17
6.980251999999999764e-17
6.295715999999998525e-17
6.628987999999999782e-17
6.907104999999998962e-17
6.884617999999999708e-17
6.863961999999999900e-17
7.303053000000000363e-17
7.354156999999998392e-17
7.135503000000000973e-17
7.522567999999999306e-17
7.394723000000000430e-17
7.105895999999999248e-17
7.297298999999999707e-17
7.407644999999999844e-17
7.215992999999999841e-17
7.049683000000000300e-17
7.720651999999998690e-17
7.175114000000001155e-17
7.378904999999999795e-17
7.646041000000000159e-17
7.564796999999998991e-17
7.085324999999998928e-17
7.386366999999997391e-17
7.413545000000000098e-17
7.121590999999998608e-17
7.250816999999999064e-17
7.463379999999999802e-17
7.453089999999999836e-17
7.544997999999998962e-17
7.238769999999999886e-17
7.838659000000001270e-17
7.675644999999999959e-17
7.854237999999999329e-17
7.776901999999998372e-17
7.218176999999999829e-17
7.392928999999999252e-17
7.647739999999999952e-17
7.166816999999998586e-17
7.437311999999999395e-17
7.860555999999999514e-17
7.910104000000000354e-17
7.779725999999998997e-17
7.553332999999999619e-17
7.344798999999999493e-17
6.634499999999999634e-17
7.449474999999999875e-17
8.074369000000000766e-17
7.389907999999999582e-17
7.814168000000001668e-17
7.902803999999999476e-17
7.127930999999999763e-17
6.932354000000000144e-17
7.162833999999999553e-17
7.344704000000000573e-17
7.343093999999999547e-17
7.667484000000000022e-17
7.338409999999999766e-17
6.911399999999999755e-17
7.269196999999999424e-17
7.751250999999999308e-17
7.773411999999998092e-17
7.320614999999998852e-17
6.924178000000000443e-17
7.104600999999999441e-17
7.370593999999999748e-17
7.084462000000000229e-17
7.219437999999999595e-17
7.595829000000000537e-17
7.200798000000001672e-17
6.950337000000000490e-17
7.331161999999998154e-17
7.921340999999998686e-17
7.997043000000000473e-17
8.153760000000000284e-17
8.078168000000000879e-17
8.124506999999998919e-17
7.939029000000000375e-17
7.610058999999999883e-17
7.213174999999999368e-17
7.505676999999999570e-17
8.308856999999999637e-17
8.494883999999999179e-17
8.050450999999999072e-17
8.227933000000000020e-17
8.093944999999999035e-17
7.887030999999999367e-17
7.184392999999999486e-17
7.267881999999999520e-17
8.179939000000000428e-17
8.428457000000000141e-17
8.314168999999999752e-17
8.401793999999999622e-17
7.365416000000000159e-17
6.976508000000000842e-17
6.861401999999998583e-17
7.107390000000000204e-17
7.550287999999999340e-17
8.467951999999999020e-17
5.929475000000000568e-17
2.385211999999999908e-17
2.227893999999999525e-17
5.464650999999999781e-17
6.227305999999999056e-17
6.615354000000000368e-17
7.072246999999998018e-17
8.197241999999999942e-17
8.419860999999998403e-17
6.871596999999999629e-17
5.435645000000000169e-17
5.669404000000000251e-17
7.451621999999997896e-17
8.170644000000000047e-17
7.534904999999999273e-17
6.130032999999999497e-17
5.489220000000000132e-17
6.546002000000000399e-17
6.814926999999999144e-17
7.398791999999997539e-17
7.338034999999999488e-17
6.807329999999999969e-17
6.999489000000001136e-17
7.817513999999999524e-17
7.843204000000001426e-17
6.761093000000000821e-17
5.640486999999998789e-17
6.701486999999998922e-17
8.215288000000000039e-17
8.257023999999998505e-17
6.998133999999999805e-17
5.847365999999999828e-17
5.637404999999999009e-17
6.765405999999999606e-17
8.135823000000000285e-17
8.623345999999999135e-17
8.669419999999999280e-17
8.549351000000000632e-17
7.937391999999999280e-17
7.320503999999999115e-17
5.840418999999999491e-17
5.382775999999999437e-17
6.747039999999999191e-17
8.386167999999998932e-17
8.588855999999998943e-17
8.366240999999999762e-17
8.126830999999999586e-17
8.254222999999999901e-17
7.491885999999997607e-17
6.431899999999999803e-17
5.670698000000000238e-17
6.085600999999999547e-17
7.199484000000000355e-17
7.146605999999998779e-17
5.891841999999999252e-17
4.666945999999999449e-17
5.630014999999999543e-17
7.638220999999999225e-17
8.086584999999999099e-17
7.784869999999999776e-17
8.169556999999999770e-17
7.811661999999998024e-17
7.712045000000000166e-17
8.035674999999999421e-17
8.149191999999998106e-17
8.050099999999999404e-17
7.491319999999999671e-17
6.482419999999999438e-17
5.112930999999999314e-17
5.565917000000000272e-17
5.605701000000000121e-17
5.406241999999998076e-17
7.098552999999999949e-17
7.926794999999999120e-17
7.469329999999999682e-17
7.342339999999999713e-17
7.991726999999999846e-17
7.933681999999999166e-17
8.258480999999998727e-17
8.438516999999999608e-17
7.672321999999999195e-17
7.321483000000000349e-17
7.904466999999999588e-17
7.972284999999999638e-17
6.682237999999999711e-17
5.363414000000001466e-17
5.036917000000000082e-17
5.914930999999999823e-17
6.848553999999999404e-17
7.832397999999999451e-17
8.348396000000000456e-17
8.309795999999999444e-17
8.051430000000000306e-17
7.257991999999997795e-17
6.823574999999998915e-17
7.653930999999999583e-17
8.589158000000001270e-17
8.852900999999999914e-17
8.829372999999999495e-17
8.086040999999999666e-17
7.690777999999999430e-17
7.842994999999999612e-17
6.969144000000000393e-17
6.772798999999999764e-17
7.985858999999999994e-17
8.686793999999999570e-17
8.658021000000000532e-17
8.778818000000001230e-17
8.754479999999998733e-17
8.553955999999999846e-17
8.167091999999998604e-17
7.734828000000000363e-17
7.454689999999998965e-17
7.201070999999999359e-17
7.857513999999999927e-17
8.413781999999998329e-17
7.975510999999996912e-17
7.461827999999999427e-17
7.386623999999999192e-17
7.168630000000000042e-17
7.005428999999999118e-17
7.805261999999999044e-17
8.609110999999998224e-17
8.656960999999999091e-17
8.209380999999998580e-17
8.246373999999999258e-17
7.984668000000001184e-17
8.145332999999998935e-17
8.721121999999999346e-17
8.241273000000000598e-17
7.542767999999999861e-17
7.584964999999999144e-17
8.000779999999999423e-17
7.854950999999999150e-17
7.657711999999996774e-17
7.559293999999999984e-17
7.658695999999999573e-17
7.012493000000000578e-17
7.364479999999998580e-17
7.820395999999999567e-17
7.612735999999999857e-17
7.273066999999999080e-17
7.023673000000001777e-17
6.870228999999999406e-17
7.659844999999999781e-17
7.970770999999999817e-17
7.803173000000001674e-17
7.324053999999999686e-17
7.421779000000000450e-17
7.737024999999999243e-17
7.590159999999999370e-17
7.706109000000000231e-17
8.006951999999997544e-17
7.539345999999999665e-17
6.924804999999999723e-17
6.887368000000000097e-17
7.103284000000001129e-17
7.461018999999999634e-17
8.210023999999998678e-17
8.219170000000000000e-17
8.157258000000001589e-17
7.841091999999999569e-17
7.630423999999999081e-17
7.721656999999997708e-17
7.040594999999999629e-17
6.863279999999999429e-17
7.672151999999998987e-17
7.683550999999997735e-17
7.539136999999999083e-17
7.322973000000000793e-17
7.217019000000000008e-17
7.758225999999999535e-17
7.860405999999999403e-17
7.860192999999999541e-17
7.544970000000000306e-17
7.498869000000001324e-17
7.662125999999999561e-17
7.337076999999998172e-17
7.369008000000001796e-17
7.612943999999999386e-17
7.582339999999999669e-17
7.456736999999998966e-17
7.259360999999999070e-17
7.971358000000000136e-17
7.689599999999999512e-17
7.874544999999999109e-17
8.177159000000000509e-17
7.358361999999999365e-17
8.185445999999999947e-17
7.921014999999999448e-17
7.725128000000001408e-17
8.101463999999999927e-17
7.619631999999999516e-17
6.328458000000001582e-17
7.204756999999998864e-17
7.812906999999998205e-17
8.044642999999999511e-17
8.052698999999998631e-17
7.265189999999999781e-17
5.239821999999999851e-17
7.149125000000000083e-17
7.899096999999998822e-17
7.797890999999998623e-17
8.530676999999998970e-17
8.028236999999998737e-17
7.698630999999998120e-17
6.782232999999999771e-17
7.287948999999999368e-17
7.655649999999999473e-17
8.082946999999998348e-17
8.480444999999999251e-17
8.086628000000001218e-17
8.233584000000000731e-17
7.391638999999999777e-17
6.785205999999999454e-17
8.471151999999999743e-17
8.121484999999999429e-17
6.916314999999998623e-17
8.042670999999998333e-17
8.844465000000000185e-17
7.473218000000001028e-17
5.346830999999999895e-17
5.305849999999999851e-17
8.303666999999998511e-17
8.315583000000000321e-17
7.780220000000000036e-17
6.920840999999998502e-17
