1.694198999999999377e-17
1.745694999999999862e-17
2.358599999999999760e-17
2.052113999999999988e-17
2.259217999999999652e-17
2.489406999999999992e-17
2.113603999999999805e-17
2.137617000000000110e-17
2.417835000000000046e-17
2.018368999999999710e-17
2.193006999999999936e-17
2.236202000000000113e-17
1.794017999999999693e-17
1.836700999999999915e-17
2.138117999999999888e-17
2.146677999999999787e-17
2.075338999999999801e-17
1.971048999999999872e-17
1.902462999999999735e-17
2.001758999999999919e-17
1.882762999999999755e-17
1.979453999999999944e-17
1.874513999999999947e-17
2.195630000000000080e-17
2.035024999999999847e-17
2.032589999999999752e-17
1.867031999999999789e-17
1.997935999999999813e-17
2.103702999999999752e-17
2.465549999999999950e-17
2.235367999999999891e-17
2.343575999999999770e-17
1.706963999999999941e-17
1.842235999999999940e-17
1.912792999999999895e-17
2.308097000000000145e-17
2.540607999999999971e-17
2.405688999999999587e-17
1.822996000000000033e-17
1.971132000000000028e-17
2.104206000000000095e-17
1.908698999999999892e-17
2.312430999999999771e-17
2.030255999999999961e-17
2.096620999999999993e-17
2.177590000000000136e-17
2.043810999999999732e-17
2.184635999999999905e-17
2.363139000000000072e-17
2.290704999999999707e-17
2.387059000000000173e-17
2.147881999999999954e-17
2.100938999999999726e-17
2.018564999999999859e-17
2.556848999999999945e-17
2.289907000000000090e-17
2.327277999999999581e-17
2.493735999999999593e-17
2.202668000000000057e-17
1.955637999999999916e-17
1.931569999999999961e-17
2.144862999999999616e-17
2.048862999999999819e-17
2.267340999999999651e-17
2.337921000000000704e-17
1.876654999999999972e-17
2.214412999999999990e-17
2.345592000000000114e-17
2.162097999999999972e-17
2.063896000000000038e-17
2.323720999999999963e-17
2.492648000000000112e-17
2.350419999999999855e-17
2.256409000000000024e-17
2.464561999999999721e-17
2.289360999999999785e-17
2.273258999999999746e-17
2.035142999999999864e-17
2.158467999999999630e-17
2.287104999999999818e-17
2.447689999999999954e-17
2.345344999999999595e-17
2.196077000000000028e-17
2.102063000000000121e-17
1.882092000000000077e-17
1.883394999999999984e-17
2.187131999999999803e-17
2.311929999999999684e-17
2.663214000000000380e-17
-5.397424999999999766e-17
-4.857614000000000968e-17
1.468257999999999356e-17
2.363666000000000100e-17
2.408079999999999901e-17
1.918202999999999930e-17
2.121219999999999564e-17
1.912204999999999756e-17
1.649065000000000092e-17
1.891726999999999949e-17
1.927096999999999785e-17
2.107624999999999907e-17
2.366335999999999794e-17
1.996290999999999850e-17
2.245083999999999663e-17
2.323227000000000773e-17
2.298635999999999761e-17
2.296878999999999933e-17
2.020381999999999978e-17
1.787976999999999865e-17
1.553990999999999977e-17
1.881284999999999924e-17
2.134374999999999861e-17
1.768262000000000429e-17
1.860660000000000082e-17
2.097260999999999706e-17
2.636304999999999778e-17
2.685670999999999797e-17
2.931966999999999893e-17
2.587394999999999936e-17
2.650077999999999743e-17
2.383518999999999651e-17
2.266924999999999977e-17
2.240838999999999729e-17
2.359220999999999813e-17
2.589006999999999986e-17
2.495952999999999803e-17
2.179546000000000497e-17
2.435771999999999738e-17
2.442390999999999964e-17
2.232524999999999913e-17
2.267693000000000064e-17
2.537242999999999681e-17
2.912061000000000023e-17
2.421153999999999990e-17
1.920227000000000067e-17
1.758737999999999369e-17
1.806888999999999661e-17
1.693916000000000409e-17
2.355825999999999994e-17
2.200414000000000038e-17
2.427277999999999666e-17
2.472938999999999595e-17
2.679826999999999939e-17
2.546242999999999864e-17
2.384756999999999859e-17
2.441516000000000036e-17
2.322704000000000025e-17
2.550892999999999913e-17
2.341443999999999973e-17
2.476349999999999923e-17
2.161159999999999677e-17
2.241623000000000017e-17
2.647839999999999925e-17
2.379372000000000562e-17
2.637751999999999952e-17
2.533546000000000616e-17
2.799550000000000176e-17
2.740708000000000008e-17
2.925457000000000379e-17
2.897941999999999798e-17
2.525861999999999849e-17
2.821467999999999569e-17
2.161108999999999923e-17
2.608188000000000038e-17
4.235140999999999303e-17
5.043566999999999658e-17
3.855049999999999374e-18
-6.814324000000000473e-17
-5.699077999999999774e-17
7.542000000000000082e-17
3.543005999999999866e-17
2.171329000000000166e-17
2.230086999999999742e-17
2.366923999999999933e-17
2.175806999999999750e-17
2.122232999999999915e-17
2.357804000000000092e-17
2.430637999999999931e-17
2.436807999999999953e-17
2.462605999999999976e-17
2.462994000000000069e-17
2.576365999999999900e-17
2.700885000000000093e-17
2.400031999999999957e-17
2.397279999999999927e-17
1.902686999999999774e-17
2.143885000000000052e-17
2.325699999999999573e-17
2.186070999999999775e-17
2.612521000000000152e-17
2.546978999999999550e-17
2.791979999999999838e-17
2.296302999999999790e-17
2.576289000000000205e-17
2.412477000000000510e-17
2.375421000000000697e-17
2.431217999999999662e-17
2.411619999999999806e-17
2.390874999999999999e-17
2.439555999999999778e-17
2.028714999999999763e-17
2.376425000000000203e-17
4.490904999999999755e-17
1.351705999999999762e-16
-2.102280000000000187e-17
-2.768234999999999908e-16
-2.618229000000000029e-16
6.238888000000000602e-17
1.145318999999999876e-16
2.310617999999999856e-17
1.776026999999999864e-17
1.715916000000000446e-17
1.570319000000000003e-17
1.987020999999999898e-17
2.197197999999999731e-17
2.442449999999999819e-17
2.316628000000000027e-17
1.967176999999999651e-17
2.162838999999999682e-17
2.274027999999999653e-17
2.487617999999999762e-17
2.190166999999999726e-17
2.042981000000000022e-17
2.090693999999999978e-17
2.530689999999999898e-17
2.437437999999999926e-17
2.763970999999999450e-17
2.642968999999999915e-17
2.307260999999999975e-17
2.355829999999999890e-17
2.054833000000000104e-17
2.331251000000000107e-17
1.853724999999999741e-17
1.925566999999999763e-17
2.145360999999999627e-17
2.231454999999999656e-17
2.169672999999999718e-17
2.691744999999999847e-17
2.216021999999999963e-17
1.952836999999999772e-17
2.122236999999999811e-17
2.075633999999999998e-17
2.419027999999999729e-17
2.676494999999999870e-17
2.709700999999999815e-17
2.579009999999999961e-17
2.771603000000000027e-17
2.705565999999999798e-17
2.536361999999999909e-17
2.541490999999999999e-17
2.342927999999999648e-17
2.460074999999999600e-17
2.189602000000000685e-17
2.418949999999999597e-17
2.160773000000000019e-17
2.237881999999999938e-17
2.830965999999999763e-17
2.456336999999999905e-17
2.213458999999999802e-17
2.177138999999999983e-17
2.464556999999999697e-17
2.555459999999999805e-17
2.227258999999999836e-17
2.078088999999999882e-17
1.884673999999999899e-17
2.060887999999999876e-17
2.114409999999999829e-17
2.211511999999999977e-17
2.524776999999999828e-17
2.817012999999999849e-17
2.207809000000000144e-17
2.207145999999999950e-17
2.557481999999999685e-17
2.494379999999999819e-17
2.522600999999999940e-17
2.679311000000000087e-17
2.445910999999999773e-17
2.515249999999999924e-17
2.656084999999999838e-17
2.329829999999999874e-17
2.374219999999999682e-17
2.419528999999999816e-17
2.197352000000000663e-17
2.383515999999999883e-17
2.079183999999999952e-17
2.205129999999999914e-17
2.389146000000000060e-17
2.395914999999999781e-17
2.362922000000000006e-17
2.098269999999999852e-17
2.254287000000000584e-17
2.578426999999999846e-17
2.692524999999999931e-17
2.643803999999999957e-17
2.536517000000000660e-17
2.373466999999999976e-17
2.488142000000000638e-17
2.314256999999999811e-17
2.523832999999999996e-17
2.023868999999999873e-17
2.236541000000000093e-17
2.190110999999999639e-17
2.399849999999999753e-17
2.148650000000000042e-17
2.202309999999999801e-17
2.486010000000000225e-17
2.510619000000000153e-17
2.569843999999999774e-17
2.615708999999999645e-17
2.479197999999999617e-17
2.316349999999999850e-17
2.136821999999999953e-17
2.268372000000000767e-17
2.401635000000000086e-17
2.463294999999999803e-17
2.445327000000000146e-17
2.477385000000000011e-17
2.230178999999999818e-17
2.306353999999999646e-17
2.064132000000000073e-17
2.266853999999999817e-17
2.200342000000000059e-17
2.154297999999999751e-17
2.220964999999999953e-17
2.449191999999999779e-17
2.642146999999999689e-17
2.623121000000000080e-17
2.686803999999999805e-17
2.551210999999999667e-17
3.002670000000000063e-17
2.402694999999999987e-17
2.287809000000000027e-17
1.896296999999999918e-17
1.606152999999999807e-17
1.493877000000000175e-17
1.879071999999999919e-17
1.964833000000000121e-17
1.456309999999999918e-17
1.489082999999999859e-17
1.814625999999999823e-17
2.124873000000000079e-17
2.096331000000000128e-17
2.366028999999999908e-17
2.350480999999999965e-17
2.143449999999999792e-17
1.705928000000000033e-17
1.478018999999999962e-17
1.669539000000000003e-17
1.988956999999999854e-17
2.544258999999999922e-17
2.490211999999999889e-17
2.513339999999999909e-17
2.474353999999999676e-17
2.403667999999999835e-17
2.243207999999999997e-17
2.191961999999999800e-17
2.207345999999999995e-17
2.627783999999999945e-17
2.575912000000000596e-17
2.806004999999999730e-17
3.080172000000000099e-17
2.802514999999999451e-17
2.361566999999999908e-17
2.448311000000000007e-17
1.822531999999999756e-17
1.834473999999999966e-17
1.708266999999999848e-17
1.920516000000000112e-17
2.064835999999999665e-17
2.366642999999999988e-17
2.728159999999999818e-17
3.074909999999999610e-17
2.798227999999999683e-17
2.617943000000000184e-17
2.791329999999999768e-17
3.214760000000000295e-17
3.105539999999999578e-17
3.095130999999999466e-17
2.919146000000000167e-17
2.678062999999999830e-17
2.313825999999999755e-17
2.304358999999999835e-17
2.499167999999999982e-17
2.851725999999999951e-17
2.951179000000000218e-17
3.009899000000000781e-17
2.647500999999999946e-17
3.000123000000000102e-17
2.987386999999999864e-17
3.331090999999999557e-17
3.172161000000000049e-17
2.929714000000000002e-17
3.227091999999999930e-17
3.358788999999999854e-17
3.137425999999999594e-17
3.264112999999999882e-17
3.324167999999999829e-17
3.106859999999999814e-17
3.017444999999999893e-17
2.997807999999999664e-17
2.729973999999999861e-17
2.956024999999999800e-17
2.971650000000000053e-17
2.918428000000000014e-17
2.986500999999999760e-17
3.048868000000000069e-17
3.392489999999999734e-17
3.377084000000000727e-17
3.142204999999999528e-17
2.640433999999999951e-17
2.458054999999999667e-17
2.447642000000000584e-17
2.022914999999999994e-17
2.453226000000000107e-17
2.265244999999999844e-17
1.917492999999999878e-17
2.121749999999999977e-17
2.630563000000000044e-17
2.668275999999999591e-17
2.929387999999999531e-17
2.939939000000000577e-17
3.139197999999999803e-17
3.464149000000000348e-17
3.264738999999999958e-17
3.163399999999999669e-17
3.123187000000000020e-17
3.014984999999999677e-17
2.955109999999999986e-17
3.108252999999999850e-17
3.446686999999999878e-17
3.129595999999999228e-17
3.647174999999999700e-17
3.495934000000000060e-17
3.566276999999999717e-17
3.418505999999999642e-17
3.538177999999999509e-17
3.186785999999999769e-17
2.651716999999999862e-17
2.665564000000000679e-17
2.846517999999999601e-17
3.114074999999999355e-17
2.895681000000000115e-17
3.238699999999999877e-17
3.237604000000000603e-17
3.371211999999999746e-17
3.487715999999999908e-17
3.214760000000000295e-17
3.336938000000000108e-17
3.734647999999999820e-17
3.518780999999999827e-17
3.621117999999999778e-17
3.555096999999999750e-17
3.485419999999999747e-17
3.700355999999999726e-17
3.724213999999999896e-17
3.454795000000000112e-17
3.424197999999999750e-17
3.441455999999999971e-17
3.085238999999999950e-17
2.960019999999999754e-17
2.971579999999999714e-17
2.738820000000000037e-17
2.246215000000000031e-17
2.275205999999999879e-17
2.912434999999999864e-17
3.473740999999999642e-17
3.395692000000000096e-17
3.462952000000000153e-17
3.585069999999999675e-17
3.608444999999999907e-17
3.377914999999999640e-17
3.070519999999999898e-17
2.746005999999999561e-17
3.053054999999999968e-17
3.253804999999999458e-17
3.461556000000000041e-17
3.302207999999999986e-17
3.144164999999999786e-17
3.005258999999999857e-17
3.334889999999999671e-17
3.608994999999999492e-17
3.483354000000000701e-17
3.682791999999999747e-17
3.511944000000000023e-17
3.801031999999999821e-17
3.859675000000000072e-17
3.721917999999999735e-17
3.625425000000000259e-17
3.760643999999999632e-17
3.652004999999999697e-17
3.440762999999999631e-17
3.651253999999999939e-17
3.327463000000000088e-17
3.500905999999999759e-17
3.567901999999999891e-17
3.233499000000000731e-17
2.729139000000000127e-17
2.492328999999999921e-17
2.996074000000000009e-17
3.509407999999999931e-17
3.626865999999999665e-17
3.684163999999999866e-17
3.949230999999999875e-17
3.754827999999999662e-17
3.583292999999999750e-17
3.252586999999999963e-17
3.496084000000000787e-17
3.522268999999999850e-17
3.824808999999999783e-17
3.503907999999999768e-17
3.777213999999999845e-17
3.491359000000000375e-17
3.461734000000000658e-17
3.365135999999999748e-17
3.297487999999999906e-17
3.344404999999999885e-17
3.026219999999999602e-17
3.008859000000000670e-17
2.828901999999999740e-17
3.285699999999999704e-17
3.449143999999999402e-17
3.677950999999999882e-17
3.432662000000000601e-17
2.753072000000000045e-17
2.706702000000000190e-17
2.904886000000000060e-17
3.179254000000000601e-17
3.123861999999999903e-17
2.954791999999999923e-17
3.483700999999999857e-17
3.657614999999999777e-17
3.714378000000000158e-17
3.787318999999999838e-17
3.680335999999999427e-17
3.774207999999999939e-17
3.764952999999999753e-17
3.867104999999999731e-17
3.652657999999999843e-17
3.354490999999999602e-17
3.503892000000000799e-17
3.607251999999999609e-17
3.977771000000000187e-17
3.639190000000000124e-17
3.401082000000000343e-17
3.159570000000000206e-17
3.498407999999999604e-17
3.272890999999999666e-17
3.350255999999999717e-17
3.282584999999999701e-17
3.503720999999999539e-17
3.599392000000000330e-17
3.801800000000000216e-17
3.961729999999999642e-17
3.896388000000000009e-17
3.912483999999999896e-17
3.775068999999999615e-17
2.980639999999999880e-17
2.822514999999999653e-17
3.140025000000000053e-17
3.576555999999999814e-17
3.576927999999999399e-17
3.734389999999999432e-17
3.624648999999999455e-17
3.531242999999999476e-17
3.238363999999999973e-17
3.404592999999999923e-17
3.899594999999999471e-17
4.148369000000001164e-17
3.645039999999999519e-17
3.391366999999999775e-17
3.434004000000000575e-17
3.395281999999999958e-17
3.710228999999999581e-17
3.784093999999999919e-17
3.748671999999999893e-17
3.617564999999999748e-17
3.744918999999999509e-17
3.720947999999999962e-17
3.555251999999999577e-17
3.577513999999999898e-17
3.371251000000000120e-17
3.197494999999999486e-17
3.159767000000000483e-17
3.401319000000000197e-17
3.534809999999999451e-17
3.313274999999999959e-17
3.407337999999999980e-17
3.493527999999999365e-17
3.795724000000000219e-17
3.746018000000000092e-17
3.637516000000000143e-17
3.594304999999999765e-17
3.710296999999999664e-17
3.804041999999999622e-17
3.858432999999999967e-17
3.588878000000000017e-17
3.567607000000000002e-17
3.574524000000000810e-17
3.839581999999999974e-17
3.826614999999999417e-17
3.759990999999999486e-17
3.735308999999999758e-17
3.631509999999999869e-17
3.885070999999999440e-17
3.738795999999999346e-17
3.414009000000000089e-17
3.874298999999999972e-17
3.975950999999999991e-17
3.657872999999999549e-17
3.531534000000000086e-17
3.228072999999999571e-17
3.356687999999999714e-17
3.618239999999999630e-17
3.530352000000000272e-17
3.949155999999999819e-17
4.044885000000000028e-17
4.111464999999999870e-17
3.942632999999999565e-17
3.707693999999999925e-17
3.792581999999999531e-17
3.862472000000000012e-17
3.934199000000000092e-17
3.578643000000000010e-17
3.454696999999999884e-17
3.672148000000000037e-17
3.831396000000000224e-17
3.846139999999999473e-17
3.695249999999999500e-17
3.602597000000000152e-17
3.423041999999999570e-17
3.673318999999999983e-17
3.900503999999999749e-17
4.109964999999999993e-17
4.145744000000001072e-17
3.800212999999999979e-17
3.836310999999999708e-17
3.998735000000000008e-17
4.080989999999999730e-17
4.252628999999999406e-17
4.223240999999999544e-17
4.122345000000000231e-17
3.958065000000000054e-17
4.043663000000000021e-17
3.951331000000000195e-17
3.886163000000000050e-17
3.737948999999999615e-17
3.883010999999999930e-17
4.059622999999999742e-17
4.069915999999999784e-17
3.893800999999999855e-17
3.851275999999999844e-17
3.689804000000000092e-17
3.794401999999999726e-17
3.578920000000000058e-17
3.607801999999999810e-17
3.589149000000000530e-17
3.436537999999999794e-17
3.616959999999999588e-17
3.505648000000000191e-17
3.816869999999999936e-17
4.464468999999999660e-17
3.521129999999999690e-17
3.964856999999999949e-17
3.163815999999999344e-17
4.498477999999999553e-17
4.077909999999999589e-17
3.851453999999999844e-17
3.902583000000000152e-17
3.622390999999999848e-17
3.485889999999999560e-17
3.100803999999999913e-17
3.064580000000000067e-17
3.452563000000000138e-17
3.767252999999999810e-17
3.635492999999999519e-17
3.652096999999999773e-17
3.878062999999999608e-17
4.077244999999999755e-17
3.670214000000000029e-17
3.447854000000000543e-17
3.543149999999999824e-17
3.588333000000000149e-17
3.578464000000000190e-17
4.176824999999999343e-17
4.102507000000001061e-17
4.143440999999999706e-17
4.204439999999999177e-17
4.009819000000000003e-17
4.376904000000000080e-17
4.360914000000001446e-17
4.102092999999999794e-17
3.690667999999999843e-17
3.341953000000000077e-17
3.773545999999999565e-17
3.845024999999999923e-17
3.778460999999999666e-17
3.678670999999999675e-17
4.086542999999999595e-17
3.958274999999999840e-17
3.590795999999999825e-17
3.695620999999999881e-17
3.966085999999999312e-17
4.107079000000001286e-17
4.132597999999999463e-17
4.144119000000001514e-17
4.206380999999998541e-17
4.289511999999999551e-17
4.286229000000000214e-17
4.220434000000000172e-17
3.910367000000000172e-17
4.041757999999999721e-17
3.922389000000000153e-17
4.243692999999999718e-17
4.070818999999999909e-17
4.160037000000000169e-17
3.889104999999999768e-17
4.056797999999999296e-17
4.226877999999999242e-17
4.049181000000000025e-17
4.127286999999999785e-17
4.067318999999999581e-17
4.331325999999999998e-17
4.367414999999999498e-17
4.293432999999999886e-17
4.064978999999999330e-17
3.933995999999999663e-17
3.703723999999999784e-17
3.776504999999999920e-17
3.939971999999999792e-17
3.957332999999999957e-17
3.727435999999999739e-17
4.138502000000000229e-17
3.934300999999999601e-17
4.147190999999999398e-17
3.912545999999999827e-17
4.084846999999999878e-17
4.604385000000000171e-17
4.292234999999999255e-17
4.362579000000001198e-17
4.401333999999999571e-17
4.102203000000000327e-17
4.238228999999999853e-17
4.405681999999999450e-17
3.903771000000000118e-17
4.099752000000000339e-17
4.053383999999999508e-17
3.995015999999999666e-17
4.076106000000000211e-17
4.305953000000000187e-17
3.937233999999999707e-17
3.936184000000000163e-17
4.110713999999999495e-17
4.212740999999999792e-17
4.235074000000001505e-17
4.425977999999999977e-17
4.099757000000001288e-17
4.300582999999999421e-17
4.347065999999999268e-17
3.937047000000000094e-17
3.781628999999999987e-17
4.043833999999999432e-17
3.883923999999999487e-17
4.121154000000000189e-17
4.071354999999999549e-17
4.023557999999999618e-17
3.862759999999999929e-17
3.939967999999999896e-17
3.767537999999999651e-17
3.785874999999999740e-17
3.897930999999999539e-17
3.738956000000000121e-17
4.017106999999999959e-17
4.268160999999999764e-17
4.551118000000000222e-17
4.270917999999999510e-17
4.462762999999999894e-17
4.282221999999999338e-17
4.382720000000000049e-17
4.455871999999999951e-17
4.575123999999999630e-17
4.429060000000000374e-17
4.217467000000001257e-17
4.216629999999999726e-17
4.263939999999999207e-17
4.430314999999999371e-17
4.166076000000000049e-17
4.693598999999999919e-17
4.432153000000000023e-17
4.483087999999999514e-17
4.345789999999999738e-17
4.448243000000000375e-17
4.294777999999999936e-17
4.205065999999999870e-17
4.263257000000001381e-17
4.202617000000000138e-17
4.466882000000000942e-17
4.447780999999999737e-17
4.562347999999999815e-17
4.393527999999999815e-17
4.274212999999999768e-17
4.526414999999999961e-17
4.534779000000000328e-17
4.115547999999999388e-17
4.020606999999999671e-17
4.156683999999999876e-17
4.540340999999998573e-17
4.397253999999999513e-17
4.462847999999999998e-17
4.202867000000000117e-17
4.187210999999998049e-17
4.155104000000000228e-17
4.125787999999999112e-17
4.523516999999999717e-17
4.535236999999999836e-17
4.737935999999999716e-17
4.401557999999999918e-17
4.346646999999999517e-17
4.427003999999999528e-17
4.464579000000001425e-17
4.450172999999999254e-17
4.143936999999999769e-17
4.517712000000000232e-17
4.237997000000000330e-17
4.150797999999999567e-17
3.762048999999999972e-17
3.465364999999999587e-17
3.848136000000000029e-17
3.899294999999999866e-17
3.665569999999999825e-17
4.027886000000000016e-17
4.263340999999998583e-17
4.246185000000000336e-17
4.061533999999999577e-17
4.245976999999999574e-17
4.541560999999999557e-17
4.522064000000000007e-17
4.658388999999999934e-17
4.505924000000000029e-17
4.299845999999999607e-17
4.168430999999999448e-17
4.589824999999999842e-17
4.642013999999999742e-17
4.521370999999999667e-17
4.509229999999999540e-17
4.294239999999999423e-17
4.449179999999999925e-17
4.656343999999999573e-17
4.495195999999999419e-17
4.700003999999999847e-17
4.747439000000000242e-17
4.749212999999999475e-17
4.931167000000000163e-17
4.127540999999999660e-17
4.485137999999999592e-17
4.614672999999999265e-17
4.732957000000000045e-17
4.686004999999999588e-17
4.699102999999999978e-17
4.729945999999999807e-17
4.544479999999999102e-17
4.602618000000000295e-17
4.714310000000000301e-17
4.596180000000000145e-17
4.688819000000000164e-17
4.617936999999999558e-17
4.783372000000000096e-17
4.684860999999999711e-17
4.517857999999999830e-17
4.497384999999999739e-17
4.817620999999999920e-17
4.720891999999999793e-17
4.805688999999999759e-17
4.795178999999999959e-17
4.721587999999999593e-17
4.888759000000000042e-17
4.628551999999999559e-17
4.574187999999999900e-17
4.696042000000000114e-17
4.648236999999999774e-17
4.555659000000001098e-17
4.825138999999999760e-17
4.650011000000000240e-17
4.480082999999999429e-17
4.420261000000000056e-17
4.348989999999999844e-17
4.277055000000000234e-17
4.277676999999999182e-17
4.215747999999999517e-17
4.525457999999999081e-17
4.545274000000000363e-17
4.436704999999999535e-17
4.675500999999999940e-17
4.316082000000000173e-17
4.198866999999999830e-17
4.415052999999999706e-17
4.720282999999998505e-17
4.719979999999999440e-17
4.797917000000000044e-17
5.210604000000000196e-17
3.683072999999999692e-17
3.885887999999999641e-17
3.063229000000000481e-17
4.120223999999999994e-17
4.820659999999999431e-17
4.412957999999999102e-17
4.541116999999999993e-17
4.307022999999999827e-17
4.283679999999999997e-17
4.251955999999999780e-17
3.990759000000000044e-17
3.315642000000000280e-17
2.175981000000000162e-17
1.807631999999999935e-17
2.616396000000000141e-17
3.146662999999999940e-17
3.066839000000000110e-17
2.202883999999999995e-17
2.196190000000000021e-17
3.321632999999999557e-17
3.618704999999999728e-17
4.040530999999999998e-17
4.324295999999997963e-17
4.433121999999999976e-17
4.704536999999999698e-17
4.528600999999999589e-17
4.353665999999999834e-17
4.633446999999999563e-17
4.753864000000000884e-17
4.559547000000001212e-17
4.835739000000001228e-17
4.535262999999999469e-17
4.484401999999999598e-17
4.228020999999999298e-17
4.421454999999999559e-17
4.561382999999999759e-17
4.356348999999999961e-17
4.577964999999999660e-17
4.600481999999999677e-17
4.689285999999999902e-17
4.586784000000001308e-17
4.570851999999999627e-17
4.629710999999997967e-17
4.827870999999999692e-17
4.713876000000000169e-17
4.832904999999999322e-17
4.769666999999999906e-17
4.667770000000000239e-17
4.545053999999999913e-17
4.556287000000000198e-17
4.805194999999999336e-17
4.886655999999999646e-17
4.714157999999998085e-17
4.731444000000000044e-17
4.473752000000000352e-17
4.491896999999999881e-17
4.529414000000001127e-17
4.892045999999998043e-17
4.829335999999997858e-17
4.501085999999998392e-17
4.450855999999999546e-17
4.677794999999999845e-17
4.731459999999999628e-17
4.565335999999998030e-17
4.591542999999999296e-17
4.820081999999999957e-17
4.623715999999998177e-17
4.524162000000000071e-17
4.734834999999999658e-17
4.634792999999999432e-17
4.961272999999999562e-17
4.915517999999999916e-17
4.757379999999999564e-17
4.631434000000000219e-17
4.630223999999999900e-17
4.912047999999999734e-17
4.939996999999999830e-17
4.880244999999999565e-17
4.937803999999999614e-17
4.986521999999999512e-17
4.994758999999999940e-17
4.715942999999999651e-17
4.690085999999998233e-17
4.440924999999999656e-17
4.549975000000000166e-17
5.107699000000001436e-17
4.897420999999997909e-17
4.727022999999999749e-17
4.307230999999999356e-17
4.617833999999999613e-17
4.870741999999999655e-17
4.631449999999999804e-17
4.816029999999999787e-17
4.951136000000000400e-17
4.769082999999999663e-17
4.800604999999999271e-17
5.150110999999999605e-17
4.986909999999999297e-17
4.814709999999999551e-17
4.844543999999999850e-17
4.775236999999999792e-17
5.025195999999999526e-17
4.590690999999999850e-17
4.687545999999998245e-17
4.935571999999999640e-17
4.701712999999999689e-17
4.871760999999999849e-17
4.303699000000001092e-17
4.507810999999999255e-17
4.913667000000000372e-17
4.852292000000000188e-17
4.485463999999999446e-17
4.626739999999999772e-17
4.607707999999999087e-17
4.533195999999999371e-17
4.503582999999999342e-17
4.805969999999999704e-17
4.581019000000000168e-17
4.596444000000000069e-17
4.588777999999999758e-17
4.821690999999999314e-17
5.070439000000000141e-17
4.915789000000001045e-17
4.896889000000000013e-17
4.958985999999999630e-17
5.051361999999999546e-17
5.037043999999999403e-17
5.017222999999999638e-17
5.067610999999999620e-17
4.844886999999999726e-17
4.973097999999999883e-17
5.123444999999999627e-17
5.007310000000000206e-17
5.072045999999998010e-17
5.056787999999999473e-17
4.937795999999997973e-17
5.111500999999999777e-17
5.099508999999999941e-17
4.909909000000001505e-17
4.964914999999999593e-17
5.045520999999999147e-17
5.116204000000001068e-17
5.172382999999999358e-17
5.345765000000000151e-17
4.992833999999999544e-17
4.811430000000000290e-17
4.749399999999999087e-17
4.907784000000001372e-17
5.115239999999999600e-17
5.109249999999999526e-17
5.121989000000001073e-17
4.959941999999999457e-17
4.687569000000000267e-17
4.804434000000000146e-17
4.911807999999999803e-17
5.103627999999999141e-17
5.141434999999999944e-17
5.103349999999999889e-17
5.204922999999999340e-17
5.399021999999999435e-17
5.182119000000001076e-17
5.167714999999999777e-17
5.019398000000000014e-17
4.811298999999999839e-17
4.877255999999998448e-17
4.909277999999999863e-17
4.847853999999999873e-17
5.002090999999998138e-17
4.973435000000000222e-17
4.906444999999999626e-17
4.870583999999999752e-17
4.943609000000000332e-17
4.769214999999999933e-17
4.869846999999999322e-17
5.055520999999999556e-17
4.965128999999999891e-17
5.180346999999999634e-17
5.241895000000000102e-17
5.013505999999998320e-17
4.990465999999998171e-17
4.998487999999999714e-17
4.930527999999999962e-17
4.276299999999999964e-17
3.905445999999999919e-17
4.568559000000000159e-17
5.020349000000000125e-17
5.055843999999999951e-17
5.156102999999999935e-17
4.965430999999999136e-17
4.940801999999999111e-17
4.910029999999999441e-17
5.104710999999998290e-17
5.170969000000000022e-17
5.218002000000000070e-17
5.058493000000000036e-17
5.010595999999999003e-17
4.869669999999999758e-17
4.519662999999999029e-17
4.154287999999999230e-17
4.111249999999999752e-17
4.747516999999999758e-17
4.960555999999999229e-17
4.725515000000000081e-17
5.034661999999999935e-17
5.140924999999999937e-17
5.024369999999999713e-17
5.280739999999999528e-17
5.203623999999999637e-17
4.930123999999999359e-17
4.478214999999999864e-17
4.093637999999999787e-17
4.344487999999999959e-17
4.918604000000000209e-17
4.963139000000000104e-17
4.731221999999999337e-17
4.907156999999999626e-17
5.154806999999999691e-17
5.153909999999999718e-17
5.055576999999999950e-17
5.162601999999999579e-17
5.020609999999999357e-17
4.923982999999999971e-17
4.983927999999999385e-17
4.938979999999999276e-17
5.057262999999999619e-17
4.893850999999999090e-17
4.879985999999999357e-17
4.821989000000001128e-17
4.879570999999999502e-17
4.332029000000000386e-17
3.297665999999999906e-17
3.406624999999999544e-17
4.127764000000000187e-17
4.548829000000001266e-17
4.830002999999999181e-17
4.375127000000000154e-17
4.148565999999999593e-17
4.067703999999999907e-17
4.629060999999999746e-17
4.818225000000000260e-17
4.731636999999999192e-17
4.774109999999999320e-17
4.892107999999999823e-17
4.942747000000000220e-17
4.882024000000000362e-17
4.686880999999998411e-17
4.895400999999999825e-17
5.090834999999999921e-17
5.024954000000001188e-17
4.929890999999999401e-17
4.775012999999999446e-17
4.721507000000001234e-17
4.759140000000000085e-17
4.507933999999999913e-17
4.291685000000000287e-17
4.804708999999999322e-17
4.943543999999999708e-17
5.033933999999999734e-17
5.012733000000000057e-17
4.847582000000000157e-17
4.598962999999999523e-17
4.742610999999999886e-17
4.871100999999999115e-17
5.002204999999999800e-17
4.923025999999999707e-17
5.116290999999999580e-17
5.166467999999999340e-17
5.230767999999999837e-17
5.079237999999999843e-17
5.119717999999999492e-17
4.962909000000001454e-17
4.792829999999999479e-17
4.479790999999999615e-17
4.565302999999999658e-17
4.612635000000000108e-17
4.754618000000000102e-17
4.848630999999998032e-17
4.675981999999999622e-17
4.806392999999999967e-17
4.876026999999999700e-17
4.987577000000000004e-17
5.056221999999999688e-17
5.337543999999999307e-17
5.092638999999999915e-17
4.647589999999999781e-17
4.444136999999999451e-17
4.320228999999999879e-17
4.645572000000000105e-17
4.818861999999999589e-17
5.032886999999999650e-17
5.097539999999999455e-17
5.110618000000000365e-17
4.766877999999999142e-17
4.477861999999999939e-17
4.616664000000001337e-17
4.421409000000001061e-17
4.782379999999999970e-17
4.855398999999999782e-17
4.786619000000000984e-17
5.330620999999999579e-17
4.989029999999999714e-17
5.058853999999999752e-17
4.838623999999999499e-17
4.493832000000000325e-17
4.634714999999999917e-17
4.611962999999999685e-17
4.401653000000000070e-17
4.326837000000000237e-17
4.208976999999999540e-17
4.560912000000000125e-17
4.798095000000000044e-17
5.011463999999999883e-17
4.996891999999999249e-17
4.830481999999999840e-17
5.051815999999999774e-17
4.877798999999999909e-17
4.832249999999999536e-17
4.852070999999999918e-17
4.922983000000000053e-17
5.004103999999999947e-17
5.084743000000000339e-17
4.908364000000001102e-17
4.992660999999999876e-17
5.121776999999999798e-17
4.774703000000000408e-17
4.615343999999999868e-17
4.814302999999999488e-17
4.679489000000001155e-17
4.650765999999999278e-17
4.877392999999999667e-17
4.895173999999999403e-17
5.080596999999999221e-17
5.253369000000001370e-17
4.926435000000000395e-17
5.022294999999999822e-17
5.086819999999999253e-17
4.975200999999999663e-17
4.954865999999999994e-17
4.973979999999999475e-17
5.060879999999999837e-17
5.013035999999999739e-17
5.024529000000000052e-17
4.822087000000000124e-17
4.692376999999999911e-17
5.062856999999999499e-17
4.988371000000000032e-17
5.281206999999998033e-17
5.453493000000000168e-17
5.446102999999999470e-17
5.031647999999999621e-17
5.075539999999999418e-17
4.934721999999999217e-17
4.809537999999999499e-17
4.914731999999999680e-17
4.888790999999999827e-17
4.658630999999998272e-17
4.840245999999999598e-17
5.064177999999999555e-17
5.297606999999999887e-17
4.848175000000000012e-17
5.204170999999997913e-17
5.233861999999999923e-17
5.418871999999998293e-17
5.294771999999999393e-17
5.225002000000000110e-17
5.139504999999999832e-17
5.349936999999999669e-17
5.537145999999999641e-17
5.386413000000000984e-17
4.945137999999999917e-17
4.791848999999999839e-17
4.854998999999999692e-17
5.122348999999999736e-17
5.312308000000000715e-17
5.221268999999999823e-17
5.244481999999999640e-17
5.058899999999999482e-17
5.129571999999999686e-17
5.564601999999999135e-17
5.513941999999998821e-17
5.511119000000001097e-17
5.382300000000000088e-17
5.462126999999999994e-17
5.362625999999999741e-17
5.160622999999999045e-17
5.127488000000000183e-17
5.342688000000000086e-17
5.061741999999999948e-17
4.883816999999999872e-17
5.037557999999999923e-17
5.048598999999999647e-17
4.955765000000000223e-17
5.118357999999999678e-17
5.095109999999999384e-17
5.102052999999999825e-17
5.436584999999999795e-17
5.324358999999999789e-17
5.402636999999999396e-17
5.397395000000000237e-17
5.620881999999999578e-17
5.414590000000000091e-17
5.423954999999999578e-17
5.469576999999997902e-17
5.438498000000001119e-17
5.216815999999999744e-17
5.163072999999999829e-17
5.252068999999999998e-17
5.397697999999999919e-17
5.345543000000001293e-17
5.284561999999999815e-17
5.368753999999999621e-17
5.501893000000000003e-17
5.573801999999999363e-17
5.634959999999999173e-17
5.384045999999998198e-17
5.052270000000000003e-17
4.794770999999999460e-17
5.414528000000000160e-17
5.665975000000000082e-17
5.406866999999998333e-17
5.260579000000001196e-17
4.842423999999999433e-17
5.073818000000000068e-17
5.528586999999999870e-17
5.737381999999999844e-17
5.671938999999999907e-17
5.374969999999999681e-17
5.262180999999999348e-17
5.346212000000000407e-17
5.356003000000001467e-17
5.129898000000000158e-17
5.174402999999999906e-17
5.283291000000000001e-17
5.558695999999999962e-17
5.563358000000000007e-17
5.577603000000000349e-17
5.342583000000001118e-17
5.118739000000001340e-17
5.244723999999999827e-17
5.431609999999999404e-17
5.646451999999998434e-17
5.617780999999999520e-17
5.618763000000000214e-17
5.661853000000000190e-17
5.545864999999999571e-17
5.309530999999999639e-17
5.227221999999999163e-17
5.774806999999999165e-17
5.793660999999999235e-17
5.634079000000001250e-17
5.725221999999998824e-17
5.322358999999999953e-17
4.874712999999999616e-17
5.251846999999999292e-17
5.640710999999997903e-17
5.863748999999999813e-17
5.907696999999999388e-17
5.643793000000001382e-17
5.595551999999999421e-17
5.547498000000001387e-17
4.926838999999999765e-17
5.128368000000000136e-17
5.344720999999999527e-17
5.730855999999998898e-17
5.826924999999999522e-17
5.401049999999999776e-17
5.574770999999999932e-17
5.879446000000000046e-17
5.892524999999999543e-17
5.753140000000000188e-17
5.128807999999999804e-17
4.751299999999999670e-17
5.227114000000001351e-17
5.643923000000001396e-17
5.873364000000000512e-17
5.921723999999999537e-17
5.874208000000001399e-17
5.785680999999998758e-17
5.576470999999999545e-17
5.717366999999998029e-17
5.642564999999999373e-17
5.468383000000001481e-17
5.591400999999999820e-17
5.777716999999999098e-17
5.845220000000000395e-17
5.625666999999999665e-17
5.583392999999999454e-17
5.550900999999999457e-17
5.664286999999998308e-17
5.787683999999999286e-17
5.688421999999999143e-17
5.800591999999998755e-17
5.805140999999999423e-17
5.748894000000000434e-17
5.629030999999999210e-17
5.052922000000000946e-17
4.358549999999999969e-17
4.529032999999998232e-17
4.903531999999999617e-17
4.941707000000000109e-17
5.064704999999999583e-17
5.362614000000001285e-17
5.704810999999999280e-17
5.736408000000000176e-17
5.889956999999998433e-17
5.822481999999999492e-17
5.782327999999999697e-17
5.804140999999999506e-17
5.687790999999999351e-17
6.138902999999999974e-17
5.964968999999999957e-17
5.837719999999999780e-17
5.968760000000000278e-17
5.911752000000000250e-17
5.576303000000000210e-17
5.429034999999999554e-17
5.415758000000001193e-17
5.780929000000000126e-17
5.814318000000000095e-17
6.070079999999999674e-17
5.942119999999999317e-17
5.875094999999999475e-17
5.729147999999999492e-17
5.883991999999997556e-17
5.970473000000000016e-17
5.942418999999999719e-17
5.722926999999999100e-17
5.795311999999999042e-17
5.651151999999999033e-17
5.956676999999998953e-17
5.998423000000001782e-17
5.844274999999999203e-17
6.091101999999998914e-17
6.148271999999999358e-17
6.046131999999999684e-17
5.859426000000000364e-17
5.899279999999999936e-17
5.465130999999998411e-17
5.201676999999999504e-17
4.140724999999999975e-17
4.330685000000000156e-17
5.876123000000000514e-17
5.722966999999999293e-17
5.584883999999999718e-17
5.318745999999999632e-17
5.266803000000000432e-17
4.940525999999999498e-17
5.049175999999999918e-17
6.443386999999999964e-17
5.340688000000000097e-18
1.822991000000000009e-17
-1.021532999999999909e-16
-2.021621000000000007e-17
5.343767999999999775e-17
6.535846999999999547e-17
5.208938000000000008e-17
5.325454000000001091e-17
4.646781999999999808e-17
5.336119000000001335e-17
5.429975999999999617e-17
5.176569999999999257e-17
5.426319999999999642e-17
5.990765999999999851e-17
5.938793999999999093e-17
6.002104999999999541e-17
5.749253000000001127e-17
4.806021999999999586e-17
1.563894999999999797e-17
5.059852999999999850e-17
5.421426000000000075e-17
6.400699000000001566e-17
5.995190999999999425e-17
6.081308999999999447e-17
6.053503000000001338e-17
5.876166000000000168e-17
5.133268999999999675e-17
5.481889999999999725e-17
5.903185999999999274e-17
5.803334999999999173e-17
5.873015000000000484e-17
5.973355999999999880e-17
6.246985999999999556e-17
6.278749999999999967e-17
6.166724000000000313e-17
6.125607000000000103e-17
6.125123999999999549e-17
5.977825999999999980e-17
5.908219000000000317e-17
5.793459999999999678e-17
5.947558000000000165e-17
6.341058000000001038e-17
6.059843000000001259e-17
5.733157999999999827e-17
5.979593000000001089e-17
6.208776999999998406e-17
6.201761999999999217e-17
6.241560000000000244e-17
6.333456999999997653e-17
6.246460999999997935e-17
6.120984999999999019e-17
5.889386000000000164e-17
5.981490999999999567e-17
6.289505999999998617e-17
6.128690999999999524e-17
6.174158000000000485e-17
5.903075999999999357e-17
5.955696999999999133e-17
5.789415999999999301e-17
5.823001999999999547e-17
6.019515999999999332e-17
6.019215999999997878e-17
6.166470999999999025e-17
6.210365999999999515e-17
6.106089000000000019e-17
6.172364999999999127e-17
5.868758000000001478e-17
5.794694999999999194e-17
6.167105999999999330e-17
6.271540000000000141e-17
6.247025999999999749e-17
6.131940999999999872e-17
6.187674000000000190e-17
6.249913000000001358e-17
5.916775999999999215e-17
6.115666999999999985e-17
6.141326000000000073e-17
6.072355999999999122e-17
6.237723999999999396e-17
6.109244000000001448e-17
6.004015999999999376e-17
5.857937999999999559e-17
5.856503000000001539e-17
5.949451999999998131e-17
6.067271999999999866e-17
6.209566999999999154e-17
6.054559999999999621e-17
5.921461999999999869e-17
6.208811999999999500e-17
6.333983000000000326e-17
6.135343999999999792e-17
6.277304000000000229e-17
6.085691999999999187e-17
5.605581999999998127e-17
5.107737999999999961e-17
5.587295999999998099e-17
5.702984000000000345e-17
6.149163000000001644e-17
6.069916999999999439e-17
6.231041999999999419e-17
6.452333999999998904e-17
6.305724999999999779e-17
6.265741999999997547e-17
6.487018999999999733e-17
6.327687999999999698e-17
6.304438999999999584e-17
6.322746999999998116e-17
6.130869999999999179e-17
6.060989000000000775e-17
5.881728999999999466e-17
6.011599999999999659e-17
6.194899999999999600e-17
6.234458000000000696e-17
6.283123999999998862e-17
6.039571000000000109e-17
6.011968999999999784e-17
5.872086999999999930e-17
5.575539999999999531e-17
5.111634999999999687e-17
5.582708999999999342e-17
6.009534000000000613e-17
6.088930999999999051e-17
5.990826999999997497e-17
5.587086999999999983e-17
4.765161999999999944e-17
4.917909999999999433e-17
4.684484000000000410e-17
5.824897999999999618e-17
6.049289000000000753e-17
6.000789999999999637e-17
6.081008000000001871e-17
6.212517999999999101e-17
6.109173999999999260e-17
6.217658000000000600e-17
6.343165999999999917e-17
5.534298000000001488e-17
5.749845000000000546e-17
5.298271999999999721e-17
5.199811999999999399e-17
6.223063999999999815e-17
6.087060000000000642e-17
6.023902999999999585e-17
5.997727999999999953e-17
6.055074000000000757e-17
6.267848000000000485e-17
6.014873000000000797e-17
5.980011999999999608e-17
6.105640999999999327e-17
6.203588999999999385e-17
6.101417000000000542e-17
6.183252000000000076e-17
6.008274999999999255e-17
5.825487999999999397e-17
6.105517999999999285e-17
5.992664999999999382e-17
6.098939000000000485e-17
6.303133000000001757e-17
6.277804000000000188e-17
6.151806999999998931e-17
6.351366000000000228e-17
6.309473000000000446e-17
6.297607999999999316e-17
6.215628999999999823e-17
6.284784000000000747e-17
6.179034000000001444e-17
6.053354999999999634e-17
6.023183999999999612e-17
6.041765999999999349e-17
6.153249999999999209e-17
6.139059000000000238e-17
6.067067999999999617e-17
6.177687999999999726e-17
6.377187999999999319e-17
6.294534000000000560e-17
6.173631999999999044e-17
6.415354999999999403e-17
6.285774000000000000e-17
6.219115999999999410e-17
6.171478999999999638e-17
6.007284000000001414e-17
5.989045000000000321e-17
6.049681999999999022e-17
6.097620999999999888e-17
6.216229000000000267e-17
6.188998999999999527e-17
6.128350999999999108e-17
6.197958999999999824e-17
6.136168000000000582e-17
6.042979000000000361e-17
6.238949000000000713e-17
6.176360999999999517e-17
6.172283000000000331e-17
6.433139999999999651e-17
6.387958999999998967e-17
6.245408000000000164e-17
6.086902999999999327e-17
6.281614999999999373e-17
6.059481999999999694e-17
6.029147999999999436e-17
6.101098999999999863e-17
5.919394999999999771e-17
6.085437999999999312e-17
6.261659000000001727e-17
6.100164000000001802e-17
6.291449000000001320e-17
6.389574000000001558e-17
6.320948000000000303e-17
6.120954999999999490e-17
6.134659999999999680e-17
6.350048999999999452e-17
6.253013000000000363e-17
6.477984999999999200e-17
6.288529000000000722e-17
6.217442999999999866e-17
6.146229999999999689e-17
6.170560999999999748e-17
6.210461999999999487e-17
6.163330000000000006e-17
6.192077999999999847e-17
6.484157999999999606e-17
6.274909000000001252e-17
6.239188999999999411e-17
6.115806999999999431e-17
6.059009999999999625e-17
5.874274000000000610e-17
5.887710999999998515e-17
5.811727999999999248e-17
5.874815999999999170e-17
6.102777999999999560e-17
6.147946000000000120e-17
6.157642999999999614e-17
6.223587000000000563e-17
6.223973999999999912e-17
6.164576999999998594e-17
6.185954000000001713e-17
5.958526000000000090e-17
5.875591999999998741e-17
5.897303999999999477e-17
5.988678999999999656e-17
6.137583999999999558e-17
6.084030999999999948e-17
5.893777999999999516e-17
6.185199999999999413e-17
6.262096999999999290e-17
6.310755000000000129e-17
6.282714999999999776e-17
6.271459999999999754e-17
6.144074999999999410e-17
6.008852999999999961e-17
6.037465999999998224e-17
6.058553999999999139e-17
6.205409000000000813e-17
6.148803999999999719e-17
6.223708000000000965e-17
6.260605999999999025e-17
6.294804999999999840e-17
6.217213999999999187e-17
5.956664999999999881e-17
5.914454999999999241e-17
6.321061999999999499e-17
6.134364000000001204e-17
6.082454000000001608e-17
6.207699000000001438e-17
6.315087000000000423e-17
6.335142999999999787e-17
6.474856999999999073e-17
6.175259999999999295e-17
6.144363000000000560e-17
6.303849999999999625e-17
6.284430000000000386e-17
6.199699999999999451e-17
6.399377000000000457e-17
6.180208000000000850e-17
6.188194999999998834e-17
6.253147999999999477e-17
6.333708999999999121e-17
6.225874999999999083e-17
6.389863000000000063e-17
6.450390999999998667e-17
6.362176999999998837e-17
6.155753000000000929e-17
6.313159999999999771e-17
6.252214000000000003e-17
6.269897999999999946e-17
6.301579000000001742e-17
6.210093000000001827e-17
6.180646999999999465e-17
6.233320999999999559e-17
6.325083000000001552e-17
6.569181999999999378e-17
6.362133999999999183e-17
6.088572999999999411e-17
5.942378000000000937e-17
6.283414999999999472e-17
6.616487999999999579e-17
6.512357999999999502e-17
6.432253000000001576e-17
6.559208000000001683e-17
6.462080999999999257e-17
6.350196999999998690e-17
6.615451999999997515e-17
6.566932999999999999e-17
6.597072999999999440e-17
6.750732000000000080e-17
6.550685000000000361e-17
6.632623999999999660e-17
6.589551999999998908e-17
6.717493000000000221e-17
6.547690999999999528e-17
6.873300999999999755e-17
6.705227999999999617e-17
6.685623999999998993e-17
6.595652999999999951e-17
6.583598999999999569e-17
6.575739000000000906e-17
6.554838999999999423e-17
6.669118000000000199e-17
6.547845999999998739e-17
6.683578000000000044e-17
6.733954000000000954e-17
6.741864000000000475e-17
6.788531999999998446e-17
6.876086999999999826e-17
6.655739000000000480e-17
6.556340000000000352e-17
6.647149999999998715e-17
7.024196999999998647e-17
6.799374999999999922e-17
6.612701999999998357e-17
6.590465999999998286e-17
6.492164000000001565e-17
6.664018000000000126e-17
6.615943000000000326e-17
6.339821999999999236e-17
5.880704000000001584e-17
5.915234999999999325e-17
6.353290000000000188e-17
6.630561999999999894e-17
6.652704999999999453e-17
6.905428999999999958e-17
6.755153000000000374e-17
6.500504999999999909e-17
6.421046999999998895e-17
6.269828000000000223e-17
6.425004000000000144e-17
6.514943999999999836e-17
6.405430000000000282e-17
6.439846999999998825e-17
6.407405999999999508e-17
6.761616999999997692e-17
6.560383000000000909e-17
6.347289999999999450e-17
6.121790999999999352e-17
6.531896999999999503e-17
6.761678000000000268e-17
6.520968999999999772e-17
6.109648000000000202e-17
6.505316999999998832e-17
6.710255999999997862e-17
6.629500000000000046e-17
6.571884999999999601e-17
6.303386999999999168e-17
6.527125999999999361e-17
6.641893999999999612e-17
6.141188000000000267e-17
5.852189999999999056e-17
6.269833000000000556e-17
6.842573000000000175e-17
6.754981999999999113e-17
6.684761000000000294e-17
6.482505000000000159e-17
6.128433000000000368e-17
6.477775999999999851e-17
6.462404999999998856e-17
6.414633000000001203e-17
6.649583000000000711e-17
6.841873999999999067e-17
6.994494000000000647e-17
6.979873000000001440e-17
6.797386000000000571e-17
7.032758999999999111e-17
6.761034000000001583e-17
6.537686999999999839e-17
6.301235999999999402e-17
6.771163000000000953e-17
7.055636999999999460e-17
7.136789999999999755e-17
6.967896999999999340e-17
6.817789000000001556e-17
6.955058999999999593e-17
7.171341999999998645e-17
7.019011999999999087e-17
6.952123000000000644e-17
6.790249999999999749e-17
6.641766999999999057e-17
6.697975999999998725e-17
6.819029999999998759e-17
6.544435000000000260e-17
6.590051999999998867e-17
6.681131999999999156e-17
6.501859999999998774e-17
6.511135000000000291e-17
6.368174000000000116e-17
6.083686999999999020e-17
6.758543000000001401e-17
6.237200999999999881e-17
6.179562999999999880e-17
6.522039999999999232e-17
6.802010999999999882e-17
6.809053000000000372e-17
6.819410999999999189e-17
6.906011999999999765e-17
7.016265999999999209e-17
7.046736999999998221e-17
6.752781999999998308e-17
6.705753000000001238e-17
6.891213999999999145e-17
6.980116999999998185e-17
6.608366000000000016e-17
6.440213999999999310e-17
6.495657999999999891e-17
6.667464999999999520e-17
6.503701000000000119e-17
6.696192999999999264e-17
6.450499999999999997e-17
6.724008000000000683e-17
6.629390000000000129e-17
6.523281999999997488e-17
6.609660999999999823e-17
6.674487999999999733e-17
6.775433999999999904e-17
6.752758999999999984e-17
6.916959999999999593e-17
6.780133999999999270e-17
6.604861999999998559e-17
6.638664000000001825e-17
6.849583000000001496e-17
6.692240999999999579e-17
6.827005000000000136e-17
6.672009999999999675e-17
6.641555999999998836e-17
6.603513000000001079e-17
6.551603000000000251e-17
6.647391999999999519e-17
6.807134999999999332e-17
6.769146999999999068e-17
6.896085999999998359e-17
6.614298000000000671e-17
6.791774000000000235e-17
6.581761999999999969e-17
6.639426999999998806e-17
6.810131999999999625e-17
6.708468999999999121e-17
6.419829999999999835e-17
6.518316999999998994e-17
6.550793999999999226e-17
6.326616999999997772e-17
6.268680999999999655e-17
6.052701999999997639e-17
5.079369000000001526e-17
7.000156999999997965e-17
5.749923999999999881e-17
4.439736999999999690e-17
6.377908000000000345e-17
6.535524999999999588e-17
6.627123000000001526e-17
6.682804000000000113e-17
6.617498999999999981e-17
6.620163000000001064e-17
6.354449999999999649e-17
5.851946999999998433e-17
6.030678999999999894e-17
6.603909000000001273e-17
6.583753000000001424e-17
6.747161999999998180e-17
6.712181999999999927e-17
6.605066999999998629e-17
6.575236999999998842e-17
6.678195999999998974e-17
6.627147999999999490e-17
6.605264000000000138e-17
6.676778000000000357e-17
6.512308000000001109e-17
6.089340999999997957e-17
6.378483000000000359e-17
6.984789000000001360e-17
6.724541999999999451e-17
6.617356999999999663e-17
6.735071999999999348e-17
7.015716999999999444e-17
6.805659000000001297e-17
6.833731999999999407e-17
6.892888000000000974e-17
6.595795000000000270e-17
6.628660999999999491e-17
6.596911000000000257e-17
6.662361999999998754e-17
6.511199999999999681e-17
7.011651999999999150e-17
7.036871999999998158e-17
6.753850999999999362e-17
6.434639999999999528e-17
5.866425999999999787e-17
6.282946999999998682e-17
6.735046999999998919e-17
6.725227999999999202e-17
6.525933000000000911e-17
6.730154999999999607e-17
6.956514000000000176e-17
7.001151999999998783e-17
6.651133000000001446e-17
7.009118000000000547e-17
6.844002000000000509e-17
6.309147999999999795e-17
6.512959999999999586e-17
6.879696999999998222e-17
6.646003000000000612e-17
6.354263000000000036e-17
6.208088000000001660e-17
6.263032999999999637e-17
6.726301999999999355e-17
7.052718999999999735e-17
6.821104999999998650e-17
6.866833000000000692e-17
6.740391999999999255e-17
6.649911999999998177e-17
6.899041999999999871e-17
6.946588999999999823e-17
6.794708999999999364e-17
7.061509999999999644e-17
6.701193000000000085e-17
6.266266999999999168e-17
6.758295999999997800e-17
6.976950999999999970e-17
6.931531999999997762e-17
6.883083999999999790e-17
6.852115999999999047e-17
7.056069000000000568e-17
6.897658000000000063e-17
6.960991999999997603e-17
6.970666000000000007e-17
6.995540999999999499e-17
7.088079999999999650e-17
7.185316999999998295e-17
6.971123000000001544e-17
7.028921999999999676e-17
7.325718000000000850e-17
6.726206999999997970e-17
6.778413000000000973e-17
7.026069000000000574e-17
7.204070999999999112e-17
7.122188999999999412e-17
6.951270999999999965e-17
6.940101999999999250e-17
6.522935999999999385e-17
6.755466999999999308e-17
7.219979999999999387e-17
7.234751999999997293e-17
7.136254999999999935e-17
7.252732999999999231e-17
6.853031999999998064e-17
6.652226999999999231e-17
7.124418000000001159e-17
7.227947999999999559e-17
6.951489000000001391e-17
7.060314000000000502e-17
7.224385000000000097e-17
7.183271999999999166e-17
6.935469999999999967e-17
7.116333999999999685e-17
7.090977999999999278e-17
7.175928000000000047e-17
7.197184000000000298e-17
7.113118000000000610e-17
6.975343000000001049e-17
7.332721999999999554e-17
7.147999999999999251e-17
6.809529999999999541e-17
6.744653000000000006e-17
6.841640000000000521e-17
7.099620999999999949e-17
7.108819999999999125e-17
6.972836999999999870e-17
7.074930999999999197e-17
6.836838999999999617e-17
6.639808000000000469e-17
6.797708999999999117e-17
6.991803000000000728e-17
7.141511999999998858e-17
7.350319000000000370e-17
7.337238000000000000e-17
7.178695999999999661e-17
6.967855999999999326e-17
7.315551999999999513e-17
7.116197999999999518e-17
7.241308000000000234e-17
7.224673999999999834e-17
7.146750999999999790e-17
7.061701999999998356e-17
7.104909000000000687e-17
6.838246000000000213e-17
7.036263000000000567e-17
7.153565999999999241e-17
7.268445999999999049e-17
7.443275999999999220e-17
7.334451999999997464e-17
6.944849999999999835e-17
7.060123999999998965e-17
7.039148999999999891e-17
7.111200999999999390e-17
7.338859999999998866e-17
7.230676999999998800e-17
6.741121999999998480e-17
6.386779999999999229e-17
6.951071999999998815e-17
7.431286999999998228e-17
7.094496999999998034e-17
6.894099999999999701e-17
6.878716999999999634e-17
6.694928000000000219e-17
6.951886000000000173e-17
7.235186999999999094e-17
7.450159999999999806e-17
7.546715999999997800e-17
7.473827999999999672e-17
7.603734999999999546e-17
7.332173999999999609e-17
6.813075999999999599e-17
6.709216999999998803e-17
7.389793000000000565e-17
7.071482999999999984e-17
6.995681999999999997e-17
6.880683000000000660e-17
6.921818999999999915e-17
7.154960999999998301e-17
7.166628000000000567e-17
6.729798999999999607e-17
6.530426000000000568e-17
6.780114999999998993e-17
7.259655999999998960e-17
7.051576999999998266e-17
6.740626000000000266e-17
6.720765000000000307e-17
6.842956999999997599e-17
7.011893999999999954e-17
7.074100999999999487e-17
7.233249999999999009e-17
6.990809999999999551e-17
7.025614000000001141e-17
7.356994999999998962e-17
7.480653999999999607e-17
7.348058999999999274e-17
7.343831999999998565e-17
7.434049999999999975e-17
7.202943000000000053e-17
7.395311999999999157e-17
7.639269000000000362e-17
7.205647000000000097e-17
7.003994999999999685e-17
6.961266999999999861e-17
7.049414999999999248e-17
7.127208999999999097e-17
6.987138999999999811e-17
7.051558000000000454e-17
7.046227999999999882e-17
7.329372999999999773e-17
7.260395999999998849e-17
7.288826999999997832e-17
7.390863000000000206e-17
7.433081999999997993e-17
7.193880999999998399e-17
7.005252000000000171e-17
6.985291999999999546e-17
7.155956000000000351e-17
7.615853999999999319e-17
7.542027999999999971e-17
7.645353999999999355e-17
7.440449999999998954e-17
7.290998999999999980e-17
6.975355999999999941e-17
7.006916999999999922e-17
7.111029999999999362e-17
7.432963999999999517e-17
7.110307999999999930e-17
7.153604999999999615e-17
7.398488999999999090e-17
7.346128000000000574e-17
7.265745999999999518e-17
7.252601999999999398e-17
7.062046999999999105e-17
7.000753000000001594e-17
7.112384999999999460e-17
7.450454000000001109e-17
7.536905999999998929e-17
7.479884000000000188e-17
7.421101999999999079e-17
7.559298000000001729e-17
7.452065999999999309e-17
7.441098000000000617e-17
7.474838000000001487e-17
7.434871999999998660e-17
7.585639999999999643e-17
7.587424000000000157e-17
7.427041999999997061e-17
7.103170999999998055e-17
7.159221999999999052e-17
7.375727999999999862e-17
7.263341999999999696e-17
6.827186999999999416e-17
7.066789999999999357e-17
7.496194999999999577e-17
7.523168000000000982e-17
7.539776999999998488e-17
7.501726999999999526e-17
7.525458999999998962e-17
7.484260999999997311e-17
7.555276999999998444e-17
7.595216999999999789e-17
7.601071999999998284e-17
7.652039000000001257e-17
7.343144000000000406e-17
6.905736999999998740e-17
6.809025999999999070e-17
7.148843000000001551e-17
7.580459999999999182e-17
7.790367999999999684e-17
7.732303999999999959e-17
7.683192999999999328e-17
7.669192999999999248e-17
7.541445999999999985e-17
7.585555000000000156e-17
7.652444999999999651e-17
7.664819999999998940e-17
7.622988999999999089e-17
7.602649999999998908e-17
7.836520999999999164e-17
7.693684000000000083e-17
7.423890000000000023e-17
7.491649999999999422e-17
7.441079000000001572e-17
7.640166999999997689e-17
7.461519999999999413e-17
7.599065999999999529e-17
7.506509999999999973e-17
7.238768000000000246e-17
7.341756999999998674e-17
7.510904000000000198e-17
7.152329999999999905e-17
6.949585999999997650e-17
7.472025999999999933e-17
7.532770000000000324e-17
7.596790999999999901e-17
7.564142999999999641e-17
7.720315999999998787e-17
7.576539000000001312e-17
7.720576999999997402e-17
7.503716999999998696e-17
7.442415000000000161e-17
7.460707999999998928e-17
7.418488999999998675e-17
7.088193000000000259e-17
7.109636999999998710e-17
7.518134000000000120e-17
7.653291999999997533e-17
7.521784999999999762e-17
7.746057999999999956e-17
7.538919999999999941e-17
7.616522999999999666e-17
7.858621999999997657e-17
7.709061999999999817e-17
7.494069999999998828e-17
7.645251999999996765e-17
7.460999999999999357e-17
7.670582999999999207e-17
7.860861999999998655e-17
7.639983000000000002e-17
7.382464999999999798e-17
7.462596999999999026e-17
7.720486999999998815e-17
7.981520999999999548e-17
7.654415999999999777e-17
7.666910999999999648e-17
7.945774000000000103e-17
7.726221999999999193e-17
7.575313000000000176e-17
7.757322999999999410e-17
7.907477000000000005e-17
7.654839999999999861e-17
7.659801999999998895e-17
7.788406999999997757e-17
7.726160999999999082e-17
7.622338000000001665e-17
7.836274999999999080e-17
7.709170999999997449e-17
7.684706999999997916e-17
7.687666999999997475e-17
7.506666999999997591e-17
7.669340999999998486e-17
7.720033000000000435e-17
7.683494000000000602e-17
7.681815999999999493e-17
7.775490999999999728e-17
7.815733999999999522e-17
7.791037999999998618e-17
7.805395999999999570e-17
7.764764999999999374e-17
7.579218999999999514e-17
7.447629999999999251e-17
7.674878999999999820e-17
7.755532999999999976e-17
8.002154999999999618e-17
7.591635000000000049e-17
7.826878000000001040e-17
7.830265000000000142e-17
8.018704000000000531e-17
7.908888999999999702e-17
7.560191999999998544e-17
7.735513000000000294e-17
7.438117999999999728e-17
7.590711999999997362e-17
7.093548000000001261e-17
7.243428999999999238e-17
7.590290999999999204e-17
7.551023000000000130e-17
7.460920999999997557e-17
7.595034000000000689e-17
7.873497999999999025e-17
7.745689999999999651e-17
7.396638000000000778e-17
6.899114000000000466e-17
7.632784000000000661e-17
7.753810999999999393e-17
7.071331999999997588e-17
6.750879999999999318e-17
7.190926000000000405e-17
7.200661999999997808e-17
7.170704000000001345e-17
6.995673000000001618e-17
7.064659999999999508e-17
7.088929999999999457e-17
7.142362999999999718e-17
7.452823999999999656e-17
7.314572999999999512e-17
7.356404000000000596e-17
7.194758999999999327e-17
6.900024000000000564e-17
7.409883000000001203e-17
7.605519000000000060e-17
7.174343999999999270e-17
7.354436999999999750e-17
7.869498999999999174e-17
7.224928000000000942e-17
7.654270999999998766e-17
8.197261999999998807e-17
6.796854999999998798e-17
7.162367999999999636e-17
7.907329000000000767e-17
6.454173000000001841e-17
6.842094000000000133e-17
8.132564000000000324e-17
7.411499999999999736e-17
6.443230999999999700e-17
7.772744999999999851e-17
7.967668000000001352e-17
6.730735999999999774e-17
7.162116999999997987e-17
8.310042999999999347e-17
7.500511999999998874e-17
6.708351999999999231e-17
7.559025999999998931e-17
8.239575000000000625e-17
7.458464999999999702e-17
6.693584999999999193e-17
7.419431999999998994e-17
7.867758999999999367e-17
7.325582999999999271e-17
6.708910999999999661e-17
7.106824000000001035e-17
7.308666999999996641e-17
6.790463999999999430e-17
6.457694000000000237e-17
6.956737999999999290e-17
7.013699999999998972e-17
5.673405999999999562e-17
4.933920999999997984e-17
6.549098000000000125e-17
7.472819000000000142e-17
7.526609000000000223e-17
7.583858999999999822e-17
7.129471999999999653e-17
7.206231999999999543e-17
7.467397000000000110e-17
7.311412999999998984e-17
7.194772999999999272e-17
7.309234000000000561e-17
7.451660999999999503e-17
7.230150999999999824e-17
7.388579999999999553e-17
7.219310999999999041e-17
7.186699000000000928e-17
7.474505999999998398e-17
7.273229999999999316e-17
7.397836999999996915e-17
7.229293000000001458e-17
7.193159000000001431e-17
7.149399999999998643e-17
7.275729999999999110e-17
7.358457999999999337e-17
7.328363999999999010e-17
7.077528000000000016e-17
6.404761999999999755e-17
5.905414000000001201e-17
6.671784000000000922e-17
7.425958999999999761e-17
7.403998999999999302e-17
7.344082999999998980e-17
7.310968000000001449e-17
7.449330999999999917e-17
7.421016999999999591e-17
7.166529999999999722e-17
7.163433000000000177e-17
7.266546999999999519e-17
7.237475000000000079e-17
6.684220000000000321e-17
7.096522999999999352e-17
7.392242999999999501e-17
7.401343999999999064e-17
7.525774999999998768e-17
7.414684999999999462e-17
7.250519999999999534e-17
7.120070999999999868e-17
7.346687999999999592e-17
7.456719999999999562e-17
7.339166999999997827e-17
7.312759999999999290e-17
7.611850000000000369e-17
7.586536999999998384e-17
7.521619000000001300e-17
7.476664000000000602e-17
7.531296999999999285e-17
7.564492999999999489e-17
7.777223999999999563e-17
7.659584999999999753e-17
7.607863999999999410e-17
7.723350999999999634e-17
7.479121999999998097e-17
7.376851999999999642e-17
7.395556999999999420e-17
7.564789999999999019e-17
7.276380999999997767e-17
6.943028999999999820e-17
6.443348000000000822e-17
6.709210000000000063e-17
7.549678999999999284e-17
6.793373999999999363e-17
7.518429000000000009e-17
7.659791999999996997e-17
7.629268999999999952e-17
7.669244000000001159e-17
7.517621999999998624e-17
7.476567999999999397e-17
7.513565999999999175e-17
7.495268999999999895e-17
7.509295000000000224e-17
7.547204000000001152e-17
7.628669999999999329e-17
7.582529000000000153e-17
7.618656999999997563e-17
7.650772999999999927e-17
7.796940999999999564e-17
7.785181999999999070e-17
7.672678000000000428e-17
7.610291999999997376e-17
7.653159000000000524e-17
7.474846999999999866e-17
7.512924999999999950e-17
7.176559999999999660e-17
7.316152999999999777e-17
7.539745999999999139e-17
7.481939999999999802e-17
7.496475999999999522e-17
7.467360999999999196e-17
7.414048000000000749e-17
7.055527999999999363e-17
7.476206999999997831e-17
7.689274000000000274e-17
7.786059999999999999e-17
7.590201999999997971e-17
7.752803999999999504e-17
7.466368000000000483e-17
7.322816999999999297e-17
7.518829000000000716e-17
7.411149999999998656e-17
7.571372999999999564e-17
7.691876000000000193e-17
7.864969000000000016e-17
7.793503999999999603e-17
7.608634000000000062e-17
7.542344999999999597e-17
7.882412999999998796e-17
7.790104000000000376e-17
7.667659999999999150e-17
7.995830999999999281e-17
7.977880999999997925e-17
7.829263000000000585e-17
7.822146999999999859e-17
7.838268000000000176e-17
7.934838000000000580e-17
7.803866999999997519e-17
7.833065999999999978e-17
7.935613999999998918e-17
7.662832999999999229e-17
7.910166999999997639e-17
7.694787999999998533e-17
7.741607999999999952e-17
7.628036999999997431e-17
7.542588000000001453e-17
7.305104999999999464e-17
7.246249999999999171e-17
7.440081999999998650e-17
7.336918000000000914e-17
7.465680999999999679e-17
7.799809999999999483e-17
7.815680999999999204e-17
7.836331999999998679e-17
7.719475999999999645e-17
7.632008000000001090e-17
7.967778000000000036e-17
7.894001999999997849e-17
7.907924999999999466e-17
8.064380999999998196e-17
7.814435000000000435e-17
7.767130999999998642e-17
7.456973999999999438e-17
7.752568000000000085e-17
8.111058000000000710e-17
7.716988999999998743e-17
7.814836999999997084e-17
7.927149999999999300e-17
7.845050999999996760e-17
8.034311999999999531e-17
7.887379999999999395e-17
7.824915999999999294e-17
7.793371000000000129e-17
7.728387999999999956e-17
7.649289000000000867e-17
7.714940999999998922e-17
7.807214000000000125e-17
7.678671999999998549e-17
7.917141999999999099e-17
7.568704000000000614e-17
7.785156000000000054e-17
7.859933000000000746e-17
7.803508999999999112e-17
7.738790999999999299e-17
7.937808999999999391e-17
7.714263000000000195e-17
7.677655999999999046e-17
7.950051999999999026e-17
7.566085000000000058e-17
7.824402999999999210e-17
7.750644000000000125e-17
7.672581999999997990e-17
7.948725000000000050e-17
8.161308999999999473e-17
7.981073999999998675e-17
7.645818999999999452e-17
7.564329000000000666e-17
7.417153999999999907e-17
7.547883999999999518e-17
7.829473999999999574e-17
7.826159000000001067e-17
7.816056999999999301e-17
7.695503999999999046e-17
7.532108999999999770e-17
7.596726999999999098e-17
7.800102999999999732e-17
7.966138000000000714e-17
7.679520999999999768e-17
7.484206999999998405e-17
7.465173999999999748e-17
7.557909000000001589e-17
7.487758000000001261e-17
7.641414999999999795e-17
7.664505999999997541e-17
7.277596999999999471e-17
7.482505999999997739e-17
7.669062999999999234e-17
7.706959999999999857e-17
7.901666999999997107e-17
7.791954999999999920e-17
7.560291999999997796e-17
7.756456000000000199e-17
7.706340999999997904e-17
7.712152999999999210e-17
7.362595000000000227e-17
7.484747999999999610e-17
7.720304999999999535e-17
7.639969999999999877e-17
7.909979999999999259e-17
7.710418999999999555e-17
7.329486999999998970e-17
7.570289000000001211e-17
7.831293999999999769e-17
7.782329000000001201e-17
7.906943999999999825e-17
7.665352999999999120e-17
7.649595000000000009e-17
7.218764000000000148e-17
7.408494000000001064e-17
7.584428999999999504e-17
7.666553000000000008e-17
7.821143999999999249e-17
7.870400999999999480e-17
8.088453000000000513e-17
8.064720000000000025e-17
7.842833999999999016e-17
7.955770999999999820e-17
8.018884999999999991e-17
7.748751999999996869e-17
7.684704000000000921e-17
7.732072999999999641e-17
7.536945999999999123e-17
7.899997999999999307e-17
7.731239999999999238e-17
8.083082999999999747e-17
8.103316999999999111e-17
7.827096999999999822e-17
8.111786999999997650e-17
7.965399999999999231e-17
8.098643999999999814e-17
7.994594000000000125e-17
8.007446999999998403e-17
8.166442999999999587e-17
8.024473000000000950e-17
7.945430000000000407e-17
7.974139999999999695e-17
8.086229000000000331e-17
8.058622999999999494e-17
8.094733999999999964e-17
7.766596999999999874e-17
7.814282999999999452e-17
7.734107999999999337e-17
8.056626000000000351e-17
8.314119999999999946e-17
8.140249999999999499e-17
8.287738000000000605e-17
7.941770999999999740e-17
7.701110999999999050e-17
7.767251999999997811e-17
7.767957999999998891e-17
7.319798999999999087e-17
7.707668000000000578e-17
8.003435999999999481e-17
8.122709999999999513e-17
8.115128000000001336e-17
8.368759000000000014e-17
8.086207999999999182e-17
7.833801999999999356e-17
7.927255999999997472e-17
8.125853999999999225e-17
8.100708999999999040e-17
7.847723000000000100e-17
8.041654999999998830e-17
8.127505999999997620e-17
8.301507999999998953e-17
8.181130999999997825e-17
8.221853999999998714e-17
8.652512999999999960e-17
9.172130999999998792e-17
8.556048000000000373e-17
7.825659000000001108e-17
7.901955999999999309e-17
7.959815999999998784e-17
7.487669000000000028e-17
7.777147999999999688e-17
8.298139999999998895e-17
8.336835999999998647e-17
8.282021999999998038e-17
8.048312999999999431e-17
8.017991999999998065e-17
8.367805000000000442e-17
8.134166000000000325e-17
8.189608000000000034e-17
8.165030999999999891e-17
8.208376999999999383e-17
8.063098999999999746e-17
7.846741999999997994e-17
7.758973000000000630e-17
7.267861999999998190e-17
7.850220000000000434e-17
8.096226999999999868e-17
8.504675999999998826e-17
8.540745999999999282e-17
8.234616999999999638e-17
8.106494000000001510e-17
8.519375000000000014e-17
8.666398000000001023e-17
8.437196999999999372e-17
8.456873999999999178e-17
8.421954999999999804e-17
8.335620000000000640e-17
8.448640999999998646e-17
8.155465000000000230e-17
8.469763000000000836e-17
8.299997999999999644e-17
8.319924000000000227e-17
8.152223999999999494e-17
8.025354999999998694e-17
8.183181999999999572e-17
8.169888999999999160e-17
8.025638999999999331e-17
7.842933999999999501e-17
8.201150999999999973e-17
8.442136999999998669e-17
8.416503000000000243e-17
8.109693999999999767e-17
8.354849999999999574e-17
8.380945999999999870e-17
8.225783000000001307e-17
7.790678000000000570e-17
8.033118000000000029e-17
8.480490999999999597e-17
8.282680000000000365e-17
8.330594999999999390e-17
8.125965000000000194e-17
8.062371000000000161e-17
8.141484000000000427e-17
8.324205999999999662e-17
8.075204000000000808e-17
7.807599999999999655e-17
8.039891999999999466e-17
8.263801999999999687e-17
8.336847999999998951e-17
8.368519999999999903e-17
8.210030000000000063e-17
8.088508999999999059e-17
8.404203000000001009e-17
8.132937999999999549e-17
8.273316999999998669e-17
8.341764000000000104e-17
8.161173000000000539e-17
8.146866999999997620e-17
7.796316999999998511e-17
7.845249999999999142e-17
8.012136999999999570e-17
8.157076999999998431e-17
8.206908000000001321e-17
8.254599999999999818e-17
8.009897999999999624e-17
7.897018999999999471e-17
7.948608999999999980e-17
7.805448000000000069e-17
7.862850999999999239e-17
8.197929999999999333e-17
8.421986999999998973e-17
8.113254999999999590e-17
8.180741999999997603e-17
8.346805999999999526e-17
8.372072000000000113e-17
8.349043999999999653e-17
8.398419999999999412e-17
8.508380999999998607e-17
8.638964000000000033e-17
8.738350000000000037e-17
8.373796999999997691e-17
8.444663999999999765e-17
8.340972999999999536e-17
8.460486999999998267e-17
8.378926999999999758e-17
8.498993000000000179e-17
8.503603000000000958e-17
8.424098999999999597e-17
8.614348999999999336e-17
8.669226999999998283e-17
8.351059999999999073e-17
8.335453000000001125e-17
8.656485999999998329e-17
8.629837999999998807e-17
8.535117999999999361e-17
8.552014000000000661e-17
7.973022000000000068e-17
8.291190999999998918e-17
8.608286000000000080e-17
8.438585999999998279e-17
8.664667999999999415e-17
8.929844999999998724e-17
8.417216000000000063e-17
8.102148000000000038e-17
8.713834000000000005e-17
8.589726000000000080e-17
8.554365999999999984e-17
8.681780000000000037e-17
8.755216999999997931e-17
8.363489999999999553e-17
8.082841999999998764e-17
8.745280999999998325e-17
7.879956999999998476e-17
6.527024000000000469e-17
7.131748000000001566e-17
8.132551999999998787e-17
8.209309999999999037e-17
8.563070999999999354e-17
8.302365999999999784e-17
8.548222999999999107e-17
8.750399999999998675e-17
7.672892999999999929e-17
6.296676999999999301e-17
6.755631999999999183e-17
7.885363999999998743e-17
7.740117999999999508e-17
7.867909000000000710e-17
8.440938999999999887e-17
8.544115999999998980e-17
8.416703999999999800e-17
8.382408999999999013e-17
8.473220999999999481e-17
8.476829999999999290e-17
8.367871999999999473e-17
8.401379999999998971e-17
8.538966999999997868e-17
8.120225999999999304e-17
7.855068000000000271e-17
8.139659000000001132e-17
8.344119000000000120e-17
8.774798000000000230e-17
8.297193999999999116e-17
7.787246999999998296e-17
7.603194999999999393e-17
8.075826999999998343e-17
8.593351999999998060e-17
8.643299999999998374e-17
8.843997999999999215e-17
8.915818999999999628e-17
8.112157999999999880e-17
8.261775999999999602e-17
8.966930000000000095e-17
8.302472999999999009e-17
8.419618000000000245e-17
8.564507999999999479e-17
8.481338999999999764e-17
8.660254999999998913e-17
8.366507999999999763e-17
8.378563999999999785e-17
8.385071999999999042e-17
8.640313999999999798e-17
8.432010999999999991e-17
8.423328999999998946e-17
8.797783000000001036e-17
8.538103999999999169e-17
8.130135999999997428e-17
8.494386999999998680e-17
8.599405999999998937e-17
8.547189000000000381e-17
8.374100999999999657e-17
8.471372999999999397e-17
8.452429999999999327e-17
8.095178000000000144e-17
8.484687999999999545e-17
8.831814000000000051e-17
8.478469000000000025e-17
8.662997999999999330e-17
8.586247999999998872e-17
8.421652999999999942e-17
8.390651999999998977e-17
8.379598999999999565e-17
8.673201999999998756e-17
8.287466000000000272e-17
8.483347999999999212e-17
8.376061999999999119e-17
8.409745000000000390e-17
8.182251999999996912e-17
8.426549999999998353e-17
8.642726999999998000e-17
8.726254999999998408e-17
8.710186999999999642e-17
8.785396999999998798e-17
8.644678999999999082e-17
8.245417999999998815e-17
8.472306999999998871e-17
8.428103999999998368e-17
8.730639000000000433e-17
8.310220999999999347e-17
8.179671999999999195e-17
8.246281999999998566e-17
8.463149999999999529e-17
8.472809999999999523e-17
7.935166999999996813e-17
8.178662999999999665e-17
8.663799999999999151e-17
8.509169999999999535e-17
8.533318999999999082e-17
8.462845999999998795e-17
8.058737999999999743e-17
8.558443999999999170e-17
8.323876999999999731e-17
7.984984999999999578e-17
7.976768999999999683e-17
8.350330999999999668e-17
8.297019999999999628e-17
8.107159999999999931e-17
8.303908000000000727e-17
8.224796999999997636e-17
8.599378000000000281e-17
8.438163000000000480e-17
8.670996999999998852e-17
8.411130999999998604e-17
8.746655999999998520e-17
8.626498999999999691e-17
8.303812999999999342e-17
8.357209000000000102e-17
8.671670999999999531e-17
8.062831999999998514e-17
7.275497999999998971e-17
7.424846999999999054e-17
8.081886999999999372e-17
8.072800999999997108e-17
8.099745999999999857e-17
8.041579000000001420e-17
8.209235000000000214e-17
8.122610999999998849e-17
8.392636999999997815e-17
8.443855999999999792e-17
7.922233999999999379e-17
8.246201999999999411e-17
8.438188999999999497e-17
8.020060000000000449e-17
8.749636999999997996e-17
8.427271000000000431e-17
7.812854000000000351e-17
7.885696999999999186e-17
7.693124999999999653e-17
7.981115999999999741e-17
8.286722999999999690e-17
8.183179000000000112e-17
7.951656999999998487e-17
8.271119999999999789e-17
8.289639000000001008e-17
7.988808000000000301e-17
8.103471999999999555e-17
8.290790999999998211e-17
8.031168999999999640e-17
7.608764999999999896e-17
7.769433000000000804e-17
8.064117999999999941e-17
8.185596999999999878e-17
8.190383000000001018e-17
8.443248999999999376e-17
8.536640999999998794e-17
8.445924999999998298e-17
8.335753999999999934e-17
8.032721999999999835e-17
8.266905000000000617e-17
7.864518999999999683e-17
7.637701999999997757e-17
8.307544999999999193e-17
8.517238000000000192e-17
7.781384000000000009e-17
7.392984000000000443e-17
7.969523999999999996e-17
7.993809999999999529e-17
7.317301999999998753e-17
7.073471999999999335e-17
7.881246999999997950e-17
8.366703999999998987e-17
8.953832000000000321e-17
8.563014999999998343e-17
8.123628999999999223e-17
8.243556000000000018e-17
8.201984000000000375e-17
7.912004999999999524e-17
9.071784999999999064e-17
8.503895999999999975e-17
8.019328000000000351e-17
8.659961999999998663e-17
8.599226999999997885e-17
8.693685999999998716e-17
8.443966999999998296e-17
8.589918999999999844e-17
8.178808999999999264e-17
8.352466999999998437e-17
7.940809000000000376e-17
8.083923000000001354e-17
8.446970999999998562e-17
8.570443000000000827e-17
8.386802999999999237e-17
8.326306999999998570e-17
8.393594000000000544e-17
8.488380999999999022e-17
8.552930999999999499e-17
8.283745000000000906e-17
8.382205999999999816e-17
7.796187999999999549e-17
7.657536000000000112e-17
8.201388000000000444e-17
8.223007999999999255e-17
9.027923000000000029e-17
8.352035999999999613e-17
7.898079000000000913e-17
7.487143999999999640e-17
6.727167000000000159e-17
7.498478000000000230e-17
8.127366999999997993e-17
7.918798999999999058e-17
7.979406999999998050e-17
8.280159999999999242e-17
8.281689000000000060e-17
8.330289000000000248e-17
8.313478999999999488e-17
8.066643999999999984e-17
8.337239999999999866e-17
8.451714000000000047e-17
8.223489999999998757e-17
8.332524999999999502e-17
8.324840999999999967e-17
8.197153999999999762e-17
8.260636999999998826e-17
8.306781999999998514e-17
8.522148000000001193e-17
8.358543999999998870e-17
8.661321999999999094e-17
8.437969999999999483e-17
8.468415000000000710e-17
8.257549999999998713e-17
8.450254999999998952e-17
8.036822999999999810e-17
7.396616999999998396e-17
7.548272999999999740e-17
8.209270000000000076e-17
8.469094000000000489e-17
8.273429999999999278e-17
8.402373999999998737e-17
8.557456999999999377e-17
8.344455000000000023e-17
8.256603999999998934e-17
8.423835999999998877e-17
8.269310999999998846e-17
8.246559999999999051e-17
8.379395000000000548e-17
8.512905999999998666e-17
8.494374999999999608e-17
8.618293999999999048e-17
8.549204999999999800e-17
8.496031999999998335e-17
8.685499999999999583e-17
8.670217999999999821e-17
8.329139999999998807e-17
8.335954999999999491e-17
7.874270000000000549e-17
7.632461999999997005e-17
7.793628000000000697e-17
7.811810999999999547e-17
7.872957999999998872e-17
8.137742999999999732e-17
8.231226999999998610e-17
8.109997999999999269e-17
8.420212999999999124e-17
8.098279999999998789e-17
8.463353999999998546e-17
8.460348999999999693e-17
8.437629000000000480e-17
8.350122999999998906e-17
7.881304000000000014e-17
7.373891999999998850e-17
7.639893000000000182e-17
7.889468999999999230e-17
7.944907999999999479e-17
8.021346999999999231e-17
8.190843999999999370e-17
8.443849999999999640e-17
8.424666999999998407e-17
8.395374999999999133e-17
8.297584999999998978e-17
8.114928000000000366e-17
8.061634999999999551e-17
8.237170999999999570e-17
8.169368000000000517e-17
8.187536999999998190e-17
8.286513000000000521e-17
8.024595999999998527e-17
8.006766999999998805e-17
7.920791999999997689e-17
7.326418999999999133e-17
7.063064999999999479e-17
6.442051999999998730e-17
6.869516999999999406e-17
6.700288000000001552e-17
6.709285999999999938e-17
7.445604000000000399e-17
7.623593000000001278e-17
7.563135999999997286e-17
7.871901999999999176e-17
8.190094999999999868e-17
8.421455999999999665e-17
8.401764999999998681e-17
8.325061999999999621e-17
8.216030999999998156e-17
8.306568999999998652e-17
8.381256999999999344e-17
8.504773999999998438e-17
8.358469999999998635e-17
8.302764000000000851e-17
8.455969000000000646e-17
8.441713999999999638e-17
8.429716999999998854e-17
8.581445999999999381e-17
8.645488000000000107e-17
8.457670999999999899e-17
8.172128000000001572e-17
8.363336999999998749e-17
8.561096999999999768e-17
8.475851999999997877e-17
8.396960999999998317e-17
8.583587999999999535e-17
8.647536999999999748e-17
8.814055000000000051e-17
8.421497999999999498e-17
8.160681999999998960e-17
8.269764000000001104e-17
8.489988000000000588e-17
8.511563000000000105e-17
8.638808000000001002e-17
8.624398000000000784e-17
8.600653999999999811e-17
8.631254999999998836e-17
8.455290999999998222e-17
8.542099999999999560e-17
8.541534999999998978e-17
8.641934000000000257e-17
8.464495000000000195e-17
8.675646999999998592e-17
8.555993000000000415e-17
8.476953000000000564e-17
8.580240999999999394e-17
8.608073000000000218e-17
8.804421000000000307e-17
8.642318000000000146e-17
8.709591999999998298e-17
8.556856999999998934e-17
8.372325000000000169e-17
8.320742999999999452e-17
8.122556999999999943e-17
8.422788000000000206e-17
8.581459999999998093e-17
8.608146000000000633e-17
8.426544999999999253e-17
8.375940999999998717e-17
8.372111999999999074e-17
8.342731999999999620e-17
8.326588999999999567e-17
8.305485999999998887e-17
8.427582999999999725e-17
8.738450000000000522e-17
8.588049000000000023e-17
8.610821999999999555e-17
8.623133999999999093e-17
8.630291999999998420e-17
8.616288000000000293e-17
8.566550999999998968e-17
8.426363999999998560e-17
8.694134999999999229e-17
8.657068999999999368e-17
8.543811999999999478e-17
8.574485000000000332e-17
8.575315000000000041e-17
8.576914000000000583e-17
8.670061999999999557e-17
8.652232999999999835e-17
8.376440999999998676e-17
8.705526999999999237e-17
8.489094000000000075e-17
8.537007999999999279e-17
8.607490999999998999e-17
8.738039000000000563e-17
8.269261999999997807e-17
8.469050999999999603e-17
8.575505999999998934e-17
8.454820999999999025e-17
8.008546999999998806e-17
7.642685999999998993e-17
7.046798000000000797e-17
6.861977999999999649e-17
6.808385999999999665e-17
7.312934000000000010e-17
8.030018999999999611e-17
8.117411999999998111e-17
8.217997999999999002e-17
8.297941999999998798e-17
8.667853999999998960e-17
8.535130999999999485e-17
8.575658999999999737e-17
7.953285999999999790e-17
7.832403999999999604e-17
8.496617000000000246e-17
8.813740999999999885e-17
8.461427999999998946e-17
8.631364999999998753e-17
8.604493000000000118e-17
8.423941999999998282e-17
8.627511999999998501e-17
8.701646000000000328e-17
8.462681999999998739e-17
7.373331999999998600e-17
7.033279999999998986e-17
7.972330999999999984e-17
8.353565000000000432e-17
8.345948999999999747e-17
8.633671000000000195e-17
8.619120999999999298e-17
8.752270999999999549e-17
8.642983999999999800e-17
8.254514000000000511e-17
8.433010000000000089e-17
8.795870999999998916e-17
8.881456999999999810e-17
8.736245999999999205e-17
8.810867999999999453e-17
8.792740999999999149e-17
8.814058000000000744e-17
8.451632999999999839e-17
8.262166999999999464e-17
8.350974999999999585e-17
8.401021000000000744e-17
8.426809999999999613e-17
8.764610999999998976e-17
8.702389000000000911e-17
8.652480999999999558e-17
8.765153999999999821e-17
8.684473999999999416e-17
8.752297999999999618e-17
8.769540000000000254e-17
8.841773999999999033e-17
8.840199000000000334e-17
8.817937999999999833e-17
8.588723999999999290e-17
8.468799999999999187e-17
8.603690000000000478e-17
8.747808000000000653e-17
9.016370000000000658e-17
8.512830999999999843e-17
8.202868000000000223e-17
8.411730999999999048e-17
8.591426999999999513e-17
8.767129000000000460e-17
8.576372999999999377e-17
8.698757999999998900e-17
8.899584999999998702e-17
8.974245999999998092e-17
9.097541999999998765e-17
9.122886999999999919e-17
8.695104999999999617e-17
8.789284999999998911e-17
9.303375999999999360e-17
8.653758999999999961e-17
8.292978000000000124e-17
8.995398999999998399e-17
8.937412999999999422e-17
8.343118000000000382e-17
8.650602999999999945e-17
9.183494000000000324e-17
9.212819999999999639e-17
9.063213999999998989e-17
8.164534999999999212e-17
8.336371999999998369e-17
8.624142999999999856e-17
8.394802999999999811e-17
9.101922000000000278e-17
9.184669999999999369e-17
8.772629999999998594e-17
8.426536999999999461e-17
8.169730999999999257e-17
8.212815999999998901e-17
9.024727999999998406e-17
9.240076999999999216e-17
9.182022000000000337e-17
9.181065000000000073e-17
8.612918999999999183e-17
8.940181000000000269e-17
9.029061999999999573e-17
8.896231999999999641e-17
9.132980999999999428e-17
9.068277999999999380e-17
9.129709999999999163e-17
8.919811999999999326e-17
8.827985000000000408e-17
8.844219999999998689e-17
8.516753999999999818e-17
8.560554999999999975e-17
9.000340999999999801e-17
8.944553999999999344e-17
9.141617000000000127e-17
9.098291999999999319e-17
8.865280999999998303e-17
8.851146000000000342e-17
8.711232999999999906e-17
8.155043000000001019e-17
7.635197999999999915e-17
7.065732999999999841e-17
7.869628000000000601e-17
8.634719999999998686e-17
9.099527999999999888e-17
9.149225999999999606e-17
9.009198000000000154e-17
9.082446999999999848e-17
9.249363999999998572e-17
9.178232999999999655e-17
9.164681000000000269e-17
8.868426999999998887e-17
8.917033999999999047e-17
8.901939000000000130e-17
8.320195999999999327e-17
7.835658000000000465e-17
8.125140999999999404e-17
9.308727999999998436e-17
9.444760999999999783e-17
8.158558000000000495e-17
8.920721999999999424e-17
8.981560999999998735e-17
9.136113999999998655e-17
9.097909999999999070e-17
9.142518999999999200e-17
9.082966999999999904e-17
8.245520999999999992e-17
8.417750999999999884e-17
8.974146000000000073e-17
8.966167999999999236e-17
9.079281000000000399e-17
8.987468000000000193e-17
8.939978000000001072e-17
8.740166999999999540e-17
9.136010999999999943e-17
9.166691000000000769e-17
9.188311999999999400e-17
9.072608000000000034e-17
9.223095999999998428e-17
8.932193999999998587e-17
9.013504999999998786e-17
9.302969999999998501e-17
9.275385999999999866e-17
8.544915999999999160e-17
8.400326999999998735e-17
8.860825000000000612e-17
9.320335999999998999e-17
8.409345999999999503e-17
8.448790999999998757e-17
8.335969000000000668e-17
8.468075999999998882e-17
8.498074000000000469e-17
8.638043999999999271e-17
8.886266999999999094e-17
8.922158000000000962e-17
9.025830999999999501e-17
9.029187999999999074e-17
8.709589999999999891e-17
9.157752000000000388e-17
8.604096999999998691e-17
8.619712999999998717e-17
8.893716000000000262e-17
9.045948000000000209e-17
9.050006999999999118e-17
9.030435999999998715e-17
9.451732999999999317e-17
8.690420999999999835e-17
9.066983999999999393e-17
9.093982999999999815e-17
8.955533000000000987e-17
8.941521999999997957e-17
9.093447999999999994e-17
8.964860999999997891e-17
9.024691999999998725e-17
8.982417999999999746e-17
8.956654000000000073e-17
8.913079999999999723e-17
9.177941999999999046e-17
9.285810999999998945e-17
9.080783999999999736e-17
9.056783999999999247e-17
9.154766999999999167e-17
9.192457999999999901e-17
9.264150999999999940e-17
9.309696999999999005e-17
9.183201999999998662e-17
9.043095999999998462e-17
9.276541999999998814e-17
9.250150999999999861e-17
9.161328999999999795e-17
8.821271000000000029e-17
9.028821999999999642e-17
9.075811999999998804e-17
8.393366999999999505e-17
8.972773999999999338e-17
9.097938000000000192e-17
9.108661999999999673e-17
9.028608999999999780e-17
8.850031999999998762e-17
8.703810999999998807e-17
8.304505999999999066e-17
8.796569999999998792e-17
8.735891999999998844e-17
8.769190000000000406e-17
8.876203000000000347e-17
9.161445999999999685e-17
9.050605999999999741e-17
9.274736999999998383e-17
8.821503000000000168e-17
8.436366999999999662e-17
8.694622999999998883e-17
8.944006999999999219e-17
8.237540999999998282e-17
7.853166999999997403e-17
8.256183000000000775e-17
8.703200000000000343e-17
8.703988000000000219e-17
8.420239999999999193e-17
9.109568999999999078e-17
9.184749999999999757e-17
8.798729999999999403e-17
9.175581999999999930e-17
9.334361999999998095e-17
9.044857999999999238e-17
8.836591999999997700e-17
9.464103999999999326e-17
8.644044000000000009e-17
8.888075000000000217e-17
9.266882999999999873e-17
8.586861999999999260e-17
9.314537000000000282e-17
9.293977000000000447e-17
9.193140999999998960e-17
8.925693999999999123e-17
9.106709999999998592e-17
9.195463999999999807e-17
8.637644999999999616e-17
8.855240999999998932e-17
9.314162999999999825e-17
9.574899999999998563e-17
9.170037999999999677e-17
8.857873999999999433e-17
9.475303999999999390e-17
9.655766999999999814e-17
9.509374999999999831e-17
9.292531000000000709e-17
8.766734000000000086e-17
9.432436999999999940e-17
9.643445999999999431e-17
8.829489999999999384e-17
9.036245000000000562e-17
9.735970999999998405e-17
9.594810999999999381e-17
9.626985999999999751e-17
9.295209000000000503e-17
8.628174000000000108e-17
8.054936999999999990e-17
9.026116999999999779e-17
9.308787999999999959e-17
8.940261999999998012e-17
9.640683000000000149e-17
9.487140999999999399e-17
8.535231999999999790e-17
8.427693999999999462e-17
8.620111999999998371e-17
8.083911999999998405e-17
7.913189999999999414e-17
9.769434999999998430e-17
9.349762000000000031e-17
7.765305999999999347e-17
8.008117999999999623e-17
9.209475000000000371e-17
9.187048000000000174e-17
8.870937999999999165e-17
8.582751999999999673e-17
9.015978999999998331e-17
9.027076999999998270e-17
8.547349999999999744e-17
9.257262000000000254e-17
9.344343999999998047e-17
8.800255999999999529e-17
8.441346999999999153e-17
9.211010000000000109e-17
9.891314000000000306e-17
9.650521000000000142e-17
9.774219999999998516e-17
1.047817999999999951e-16
1.027741999999999997e-16
9.607483999999999252e-17
9.074995000000000452e-17
8.715411999999999397e-17
9.125556000000000101e-17
1.023446999999999821e-16
1.001821999999999938e-16
9.612166999999999214e-17
1.032639999999999953e-16
1.022362000000000045e-16
9.452050999999998763e-17
8.905602999999999897e-17
9.109489999999999743e-17
9.990711999999999382e-17
1.045465999999999888e-16
1.025954999999999900e-16
1.010400999999999929e-16
9.245645999999999899e-17
8.168494000000001334e-17
8.205395999999999907e-17
7.968780999999999414e-17
7.936948000000000332e-17
4.930876999999999990e-17
7.499480999999999607e-17
8.238526999999999488e-17
1.470157999999999939e-17
3.926353000000000142e-17
7.064445999999999826e-17
7.783586999999997809e-17
8.834944999999999637e-17
1.010319000000000024e-16
9.900933000000000286e-17
8.121367999999999540e-17
6.311710999999998108e-17
6.806503000000000952e-17
9.027921000000000389e-17
1.004284999999999984e-16
9.172986999999998751e-17
7.413534999999999433e-17
6.637905999999999013e-17
7.769649999999998713e-17
8.513214999999999732e-17
9.133546999999999830e-17
8.787832000000000434e-17
8.122733000000000303e-17
8.659803999999999993e-17
9.572030000000000057e-17
9.561583000000000008e-17
7.974730999999999293e-17
6.649224999999999839e-17
8.216985000000000192e-17
9.908451999999998712e-17
9.879322999999999674e-17
8.622049000000000921e-17
7.262636999999999668e-17
6.807522999999999734e-17
8.372603000000000653e-17
9.763189999999999893e-17
1.037556999999999940e-16
1.051659999999999965e-16
1.039201000000000022e-16
9.819430000000000142e-17
8.750533999999999201e-17
7.083298000000001488e-17
6.386028000000000268e-17
8.352761999999998326e-17
1.059896999999999900e-16
1.066312999999999820e-16
9.932559999999999478e-17
9.596648999999998801e-17
1.037214999999999885e-16
8.960758999999999329e-17
7.857923000000001478e-17
6.568508999999999751e-17
6.978921999999998863e-17
8.742440999999998115e-17
8.805294999999999491e-17
7.184728999999999389e-17
5.534508999999999861e-17
7.216935000000000341e-17
9.430385999999999426e-17
9.744554000000000018e-17
9.592466000000000030e-17
9.987936999999999796e-17
9.297301999999999619e-17
9.297289000000000727e-17
9.489166999999999483e-17
9.710683999999999134e-17
9.584225999999999526e-17
9.125501999999999963e-17
7.861218000000001121e-17
6.339299999999999541e-17
6.546459999999999292e-17
6.946856999999999643e-17
6.366793000000001001e-17
8.625535999999999275e-17
1.000811999999999971e-16
9.197446999999999005e-17
8.957693999999998952e-17
9.457800999999998906e-17
9.446885999999999300e-17
1.009666999999999945e-16
1.013035000000000003e-16
9.032095999999999367e-17
8.711585999999999214e-17
9.267139999999999209e-17
9.237728999999999173e-17
7.952614999999999803e-17
6.521470999999999370e-17
6.039119000000001369e-17
7.202347999999999942e-17
8.321825000000000630e-17
9.236659999999999352e-17
1.014057999999999970e-16
9.942336999999999361e-17
9.766640999999998566e-17
8.456081000000000203e-17
7.961028999999999796e-17
9.216947999999999684e-17
1.018787000000000032e-16
1.044907999999999895e-16
1.036566999999999948e-16
9.825246999999999316e-17
9.368467999999999630e-17
9.589013000000000485e-17
8.489450999999998662e-17
8.129796999999999297e-17
9.794430999999999556e-17
1.047960000000000023e-16
1.030572999999999855e-16
1.075914999999999902e-16
1.063967999999999976e-16
1.054837000000000021e-16
9.922192999999998584e-17
9.320337999999998638e-17
8.954764000000000155e-17
8.797505999999999139e-17
9.604639999999998530e-17
9.863438000000000009e-17
9.424820999999999256e-17
8.652117999999999586e-17
8.608054999999999761e-17
8.690203000000000874e-17
8.375889999999999271e-17
9.202907999999999410e-17
1.035123999999999916e-16
1.011187999999999861e-16
1.012515999999999890e-16
9.696865999999999567e-17
8.959239999999999175e-17
8.564187999999999161e-17
1.002528999999999975e-16
1.003511000000000052e-16
9.018890999999999136e-17
8.331676999999999335e-17
9.349343000000000280e-17
9.328980999999999310e-17
9.040052999999999055e-17
9.262553999999999039e-17
8.957306999999998371e-17
8.489763000000000421e-17
8.881770999999999977e-17
9.511407999999998655e-17
9.553668999999998741e-17
8.841698000000000390e-17
8.211435999999999607e-17
8.132841999999999576e-17
8.989354999999999419e-17
9.400985999999999875e-17
8.787686999999999423e-17
8.618299999999999201e-17
9.017715000000000091e-17
8.854204999999999333e-17
8.721199000000000274e-17
9.027487999999999461e-17
9.155659999999999860e-17
8.650322000000000000e-17
8.312711999999999529e-17
8.172203000000000395e-17
8.751736999999998316e-17
9.073665000000000783e-17
9.917113999999998428e-17
9.930199000000000543e-17
9.910049000000000846e-17
9.461270000000000501e-17
9.236348999999999878e-17
9.436988999999998835e-17
8.362815999999998874e-17
8.274517999999999376e-17
8.961948999999999551e-17
9.347482000000000071e-17
9.398577999999999541e-17
8.766379999999998493e-17
8.944559999999999497e-17
9.321620000000000786e-17
9.448429999999999882e-17
9.612709000000000239e-17
9.104639999999999033e-17
9.183557999999999895e-17
9.272533999999999351e-17
9.029421000000000266e-17
8.787776999999999243e-17
9.328834999999998479e-17
9.595724999999999991e-17
9.316200999999998982e-17
9.037083999999999884e-17
9.879349999999999743e-17
9.364629000000000555e-17
9.500096999999998854e-17
9.942709000000000178e-17
8.607671999999998459e-17
9.811782999999998876e-17
9.459401999999999087e-17
8.820719999999999391e-17
9.912930999999999657e-17
9.586347999999999583e-17
8.267914000000000147e-17
8.311668999999999958e-17
9.527942999999998390e-17
9.947383999999999115e-17
9.784040999999999105e-17
7.343714000000000088e-17
6.923153000000000096e-17
9.030196999999999837e-17
9.865686999999999387e-17
9.625678999999999639e-17
1.023137999999999863e-16
1.024499999999999933e-16
1.042978000000000029e-16
7.178395999999999440e-17
9.433165999999999345e-17
9.899480999999999163e-17
9.987462999999998854e-17
9.959084000000000370e-17
9.622564999999999457e-17
1.015673999999999916e-16
8.876571999999999239e-17
8.713708000000000504e-17
1.005621999999999871e-16
1.057680999999999880e-16
9.555615999999999491e-17
9.733762000000000453e-17
1.142318000000000056e-16
9.830514999999998724e-17
6.263402999999999581e-17
7.189636999999999517e-17
9.584072999999999955e-17
1.062106999999999891e-16
9.840954999999998801e-17
9.021647999999998266e-17
